##########FPR vs TPR(Forecasting and Detection)##########
test: [ 0 0 0 1 0 0 0 1 1 1 0 0 0 0 0 0 0 0 0 0 0 0 1 0 0 0 0 0 0 0 0 0 0 1 ]
real: [ 5 1 9 6 2 9 2 3 0 2 4 0 0 0 2 6 4 0 0 0 1 1 8 0 1 0 0 4 0 0 0 0 0 0 ]
[7] TP: 4   TN: 14   FP: 2   FN: 14      FPR: 0.12   TPR: 0.22   precision: 0.67   recall: 0.12   score: 0.20

test: [ 1 0 0 0 0 0 0 0 0 1 0 0 0 0 0 0 0 0 0 0 0 0 0 0 0 0 1 0 0 0 0 0 0 0 ]
real: [ 4 0 8 6 2 8 2 2 0 2 4 0 0 0 1 7 4 0 0 0 1 1 9 0 1 0 0 4 0 0 0 0 0 0 ]
[8] TP: 2   TN: 16   FP: 1   FN: 15      FPR: 0.06   TPR: 0.12   precision: 0.67   recall: 0.06   score: 0.11

test: [ 1 0 0 0 1 0 0 1 0 1 0 0 1 1 1 0 0 1 0 0 0 1 1 0 0 0 1 0 0 1 0 1 0 0 ]
real: [ 4 0 9 5 2 8 2 2 0 2 4 0 0 0 1 7 5 0 0 0 1 1 10 0 1 0 0 5 0 0 0 0 0 0 ]
[9] TP: 7   TN: 11   FP: 6   FN: 10      FPR: 0.35   TPR: 0.41   precision: 0.54   recall: 0.35   score: 0.42

test: [ 1 0 0 0 0 0 0 0 0 0 0 0 0 0 0 0 0 0 0 0 0 0 0 0 0 0 0 0 0 0 0 0 0 0 ]
real: [ 5 0 10 5 2 8 3 3 0 2 5 0 0 0 1 7 6 0 0 0 1 1 11 0 1 0 0 5 0 0 0 0 0 0 ]
[10] TP: 1   TN: 17   FP: 0   FN: 16      FPR: 0.00   TPR: 0.06   precision: 1.00   recall: 0.00   score: 0.00

test: [ 1 0 0 0 0 0 0 0 0 0 0 0 0 0 0 0 0 0 0 0 0 0 1 0 0 0 0 0 0 0 0 0 0 0 ]
real: [ 5 0 9 4 2 8 3 2 0 2 5 0 0 0 0 7 6 0 0 0 0 0 12 0 1 0 0 5 0 0 0 0 0 0 ]
[11] TP: 2   TN: 20   FP: 0   FN: 12      FPR: 0.00   TPR: 0.14   precision: 1.00   recall: 0.00   score: 0.00

test: [ 0 0 0 0 0 0 0 0 1 0 0 0 0 0 0 0 0 0 0 0 0 0 0 0 0 0 0 0 0 0 0 0 0 1 ]
real: [ 4 0 9 3 2 7 3 2 0 2 5 0 0 0 0 7 6 0 0 0 0 0 13 0 1 0 0 5 0 0 0 0 0 0 ]
[12] TP: 0   TN: 18   FP: 2   FN: 14      FPR: 0.10   TPR: 0.00   precision: 0.00   recall: 0.10   score: 0.00

test: [ 1 1 1 0 1 0 1 1 1 1 1 1 0 0 0 1 0 1 1 0 0 0 1 0 1 0 0 1 0 1 0 0 0 1 ]
real: [ 4 0 8 3 2 7 3 2 0 2 5 0 0 0 0 7 6 0 0 0 0 0 14 0 1 0 0 5 0 0 0 0 0 0 ]
[13] TP: 11   TN: 13   FP: 7   FN: 3      FPR: 0.35   TPR: 0.79   precision: 0.61   recall: 0.35   score: 0.44

test: [ 1 0 0 0 0 0 0 0 0 0 0 0 0 0 0 0 0 0 0 0 0 0 0 0 0 0 0 0 0 0 0 0 0 1 ]
real: [ 4 0 7 3 2 6 3 2 0 2 5 0 0 0 0 7 6 0 0 0 0 0 15 0 1 0 0 5 0 0 0 0 0 0 ]
[14] TP: 1   TN: 19   FP: 1   FN: 13      FPR: 0.05   TPR: 0.07   precision: 0.50   recall: 0.05   score: 0.09

test: [ 1 0 0 0 0 0 0 1 0 0 0 0 0 0 0 0 0 0 0 0 0 1 1 0 0 0 0 0 0 0 0 0 0 0 ]
real: [ 4 0 7 3 2 6 3 2 0 2 5 0 0 0 0 7 6 0 0 0 0 0 15 0 1 0 0 5 0 0 0 0 0 0 ]
[15] TP: 3   TN: 19   FP: 1   FN: 11      FPR: 0.05   TPR: 0.21   precision: 0.75   recall: 0.05   score: 0.09

test: [ 1 0 0 0 0 0 0 0 0 1 0 0 0 0 0 0 0 0 0 0 0 0 1 0 0 0 0 0 0 0 0 0 0 0 ]
real: [ 4 0 8 3 2 6 3 3 0 2 5 0 0 0 0 7 6 1 0 0 0 0 15 0 1 0 0 5 0 0 0 0 0 0 ]
[16] TP: 3   TN: 19   FP: 0   FN: 12      FPR: 0.00   TPR: 0.20   precision: 1.00   recall: 0.00   score: 0.00

test: [ 1 0 0 0 0 0 0 0 1 1 0 0 0 0 0 0 0 1 0 0 0 0 1 1 0 0 0 0 0 0 0 0 0 0 ]
real: [ 3 0 7 4 2 6 3 2 0 2 5 0 0 0 0 8 6 2 0 0 0 0 15 0 1 0 0 5 0 0 0 0 0 0 ]
[17] TP: 4   TN: 17   FP: 2   FN: 11      FPR: 0.11   TPR: 0.27   precision: 0.67   recall: 0.11   score: 0.19

test: [ 0 0 0 0 0 0 1 1 1 1 0 0 0 0 0 0 0 0 0 0 0 0 1 0 0 0 1 0 0 0 0 0 0 0 ]
real: [ 2 0 7 4 3 5 2 2 0 2 4 0 0 0 0 8 6 3 0 0 0 0 15 0 1 0 0 5 0 0 0 0 0 0 ]
[18] TP: 4   TN: 17   FP: 2   FN: 11      FPR: 0.11   TPR: 0.27   precision: 0.67   recall: 0.11   score: 0.19

test: [ 0 0 0 0 0 0 0 0 0 1 0 0 0 0 0 0 0 0 0 0 0 0 0 0 0 1 0 0 0 0 0 0 0 0 ]
real: [ 1 0 6 4 2 5 1 2 0 1 4 0 0 0 0 7 5 3 0 0 0 0 15 0 1 0 0 4 0 0 0 0 0 0 ]
[19] TP: 1   TN: 18   FP: 1   FN: 14      FPR: 0.05   TPR: 0.07   precision: 0.50   recall: 0.05   score: 0.09

test: [ 1 0 0 0 0 0 0 0 0 1 0 0 0 0 0 0 0 0 0 0 0 0 0 0 0 0 0 0 0 0 0 0 0 0 ]
real: [ 1 0 6 4 2 5 1 2 0 1 3 0 0 0 0 6 4 3 0 0 0 0 15 0 0 0 0 3 0 0 0 0 0 0 ]
[20] TP: 2   TN: 20   FP: 0   FN: 12      FPR: 0.00   TPR: 0.14   precision: 1.00   recall: 0.00   score: 0.00

test: [ 0 0 0 0 0 0 0 0 0 0 0 0 0 0 0 0 0 0 0 0 0 0 0 0 1 0 0 0 0 0 0 0 0 0 ]
real: [ 1 0 6 3 2 5 1 2 0 0 2 0 0 0 0 5 3 4 0 0 0 0 15 0 0 0 0 2 0 0 0 0 0 0 ]
[21] TP: 0   TN: 20   FP: 1   FN: 13      FPR: 0.05   TPR: 0.00   precision: 0.00   recall: 0.05   score: 0.00

test: [ 0 0 0 0 0 0 0 0 1 0 0 0 0 0 0 0 0 0 0 0 0 0 0 0 0 0 0 0 0 0 0 0 0 0 ]
real: [ 1 0 7 3 2 5 1 2 0 0 1 1 0 0 0 4 4 5 0 0 0 0 14 0 0 0 0 2 0 0 0 0 0 0 ]
[22] TP: 0   TN: 19   FP: 1   FN: 14      FPR: 0.05   TPR: 0.00   precision: 0.00   recall: 0.05   score: 0.00

test: [ 0 0 0 0 0 0 0 0 0 0 0 0 0 0 0 0 0 0 0 0 0 0 0 0 0 0 0 0 0 0 0 0 0 1 ]
real: [ 1 0 7 3 2 5 1 2 0 0 1 1 0 0 1 3 4 6 0 0 0 0 13 0 0 0 0 2 0 0 0 0 0 0 ]
[23] TP: 0   TN: 18   FP: 1   FN: 15      FPR: 0.05   TPR: 0.00   precision: 0.00   recall: 0.05   score: 0.00

test: [ 0 0 0 0 0 0 0 0 0 1 0 0 0 0 0 0 0 1 0 0 0 1 1 0 0 0 0 1 0 0 0 0 0 0 ]
real: [ 1 0 6 3 2 4 2 2 0 0 1 1 0 0 1 2 3 6 0 0 0 0 12 0 0 0 0 1 0 0 0 0 0 0 ]
[24] TP: 3   TN: 17   FP: 2   FN: 12      FPR: 0.11   TPR: 0.20   precision: 0.60   recall: 0.11   score: 0.19

test: [ 1 1 1 1 1 1 0 1 1 1 1 1 1 1 1 0 0 1 1 0 1 1 1 0 1 0 1 0 1 1 0 0 0 1 ]
real: [ 0 0 5 2 2 4 1 1 0 0 0 2 0 0 2 2 2 6 0 0 0 0 11 0 0 0 0 1 0 0 0 0 0 0 ]
[25] TP: 9   TN: 6   FP: 15   FN: 4      FPR: 0.71   TPR: 0.69   precision: 0.38   recall: 0.71   score: 0.50

test: [ 1 0 0 0 0 0 0 1 0 0 1 1 0 0 0 0 0 1 1 0 1 0 0 0 0 1 1 0 1 0 1 0 0 1 ]
real: [ 0 0 6 2 2 4 1 1 0 0 0 3 1 0 3 2 2 6 0 0 0 0 10 0 0 0 0 1 0 0 0 0 0 0 ]
[26] TP: 3   TN: 11   FP: 9   FN: 11      FPR: 0.45   TPR: 0.21   precision: 0.25   recall: 0.45   score: 0.32

test: [ 1 0 0 0 0 0 0 0 0 1 0 0 0 0 0 0 0 0 0 0 0 0 1 0 0 0 0 0 0 0 0 0 0 0 ]
real: [ 1 0 6 2 1 5 1 1 0 0 1 3 2 1 3 2 3 7 0 0 0 0 10 0 0 0 0 1 0 0 0 0 0 0 ]
[27] TP: 2   TN: 16   FP: 1   FN: 15      FPR: 0.06   TPR: 0.12   precision: 0.67   recall: 0.06   score: 0.11

test: [ 0 0 0 0 0 0 1 0 1 1 0 0 0 0 0 0 0 0 0 0 0 0 0 0 0 0 0 0 0 0 0 0 0 0 ]
real: [ 1 0 7 2 1 6 1 1 0 0 1 4 3 1 3 2 3 7 0 1 0 0 10 0 0 0 0 1 0 0 0 0 0 0 ]
[28] TP: 1   TN: 14   FP: 2   FN: 17      FPR: 0.12   TPR: 0.06   precision: 0.33   recall: 0.12   score: 0.18

test: [ 1 0 0 0 0 0 0 0 0 0 0 0 0 0 0 0 1 0 0 0 0 0 1 0 0 0 0 0 0 0 0 0 0 0 ]
real: [ 1 0 8 2 1 7 1 1 0 0 2 5 3 2 3 2 3 8 0 1 0 0 10 0 0 0 0 1 0 0 0 0 0 0 ]
[29] TP: 3   TN: 16   FP: 0   FN: 15      FPR: 0.00   TPR: 0.17   precision: 1.00   recall: 0.00   score: 0.00

test: [ 0 0 0 0 0 0 0 0 0 0 0 1 0 0 0 0 0 0 0 0 0 0 0 0 0 0 0 0 0 0 0 0 0 0 ]
real: [ 2 1 8 3 1 7 1 1 0 0 2 6 3 3 4 2 3 8 0 1 1 0 9 0 0 0 0 1 0 0 0 0 0 0 ]
[30] TP: 1   TN: 14   FP: 0   FN: 19      FPR: 0.00   TPR: 0.05   precision: 1.00   recall: 0.00   score: 0.00

test: [ 0 0 0 0 0 0 0 0 0 0 0 0 0 0 0 1 0 0 0 0 0 0 1 0 0 0 0 0 0 0 0 0 0 0 ]
real: [ 3 1 8 4 1 7 1 1 0 0 2 6 3 3 5 2 3 7 0 1 1 0 8 0 0 0 0 1 0 0 0 0 0 0 ]
[31] TP: 2   TN: 14   FP: 0   FN: 18      FPR: 0.00   TPR: 0.10   precision: 1.00   recall: 0.00   score: 0.00

test: [ 1 0 0 0 0 0 0 0 0 1 0 0 0 0 0 0 0 0 0 0 0 0 1 0 0 0 0 0 0 0 0 0 0 1 ]
real: [ 3 1 9 3 1 8 1 2 0 0 2 7 3 3 5 2 3 6 0 1 1 0 7 0 0 0 0 1 0 0 0 0 0 0 ]
[32] TP: 2   TN: 12   FP: 2   FN: 18      FPR: 0.14   TPR: 0.10   precision: 0.50   recall: 0.14   score: 0.22

test: [ 1 1 1 1 1 1 1 1 1 1 1 1 1 1 1 0 0 1 1 0 1 1 1 1 1 1 1 0 1 0 0 1 0 1 ]
real: [ 4 1 9 2 0 8 1 2 0 0 2 8 3 3 5 1 2 5 0 1 2 0 6 0 0 0 0 0 0 0 0 0 0 0 ]
[33] TP: 15   TN: 4   FP: 12   FN: 3      FPR: 0.75   TPR: 0.83   precision: 0.56   recall: 0.75   score: 0.64

test: [ 1 1 1 1 0 1 0 1 0 0 1 1 0 0 1 1 0 1 0 0 1 1 0 0 1 0 1 0 1 1 0 1 0 1 ]
real: [ 4 1 10 2 0 9 1 2 0 0 2 9 3 4 6 1 2 5 0 1 3 0 5 0 0 0 0 0 0 0 0 0 0 0 ]
[34] TP: 12   TN: 9   FP: 7   FN: 6      FPR: 0.44   TPR: 0.67   precision: 0.63   recall: 0.44   score: 0.52

test: [ 1 0 0 0 0 0 0 0 0 0 0 0 0 0 0 0 0 0 0 0 0 0 0 0 0 0 0 0 0 0 0 0 0 0 ]
real: [ 4 1 10 2 0 9 1 2 0 0 2 10 3 5 7 1 2 5 0 1 4 0 4 0 0 0 0 0 0 0 0 0 0 0 ]
[35] TP: 1   TN: 16   FP: 0   FN: 17      FPR: 0.00   TPR: 0.06   precision: 1.00   recall: 0.00   score: 0.00

test: [ 1 0 0 0 0 0 0 0 0 0 1 0 0 0 0 0 0 0 0 0 0 0 1 0 0 0 0 0 0 0 0 0 0 0 ]
real: [ 4 1 10 2 0 10 1 2 0 0 2 11 3 6 8 1 2 4 0 2 5 0 3 0 0 0 0 0 0 0 0 0 0 0 ]
[36] TP: 3   TN: 16   FP: 0   FN: 15      FPR: 0.00   TPR: 0.17   precision: 1.00   recall: 0.00   score: 0.00

test: [ 0 0 0 0 0 0 0 0 0 1 0 0 0 0 0 0 0 0 0 0 0 1 1 0 0 0 1 0 0 0 0 0 0 1 ]
real: [ 4 1 9 3 0 11 1 2 0 0 2 11 4 6 9 1 1 3 0 3 5 0 3 0 0 1 0 0 0 0 0 0 0 0 ]
[37] TP: 1   TN: 11   FP: 4   FN: 18      FPR: 0.27   TPR: 0.05   precision: 0.20   recall: 0.27   score: 0.23

test: [ 0 0 0 0 0 0 0 0 1 0 0 0 0 0 0 0 0 0 0 0 0 0 0 0 0 0 0 0 0 0 0 0 0 0 ]
real: [ 4 1 10 4 0 12 1 2 0 0 2 11 4 6 8 1 1 2 0 3 5 0 3 0 0 2 0 0 0 0 0 0 0 0 ]
[38] TP: 0   TN: 14   FP: 1   FN: 19      FPR: 0.07   TPR: 0.00   precision: 0.00   recall: 0.07   score: 0.00

test: [ 1 1 1 0 1 0 1 1 1 1 1 0 0 0 0 1 0 1 1 0 0 0 1 1 1 0 0 0 0 1 0 0 0 1 ]
real: [ 4 1 10 5 0 13 0 2 0 0 2 12 4 6 8 1 1 2 0 3 5 0 3 0 0 2 0 0 0 0 0 0 0 0 ]
[39] TP: 8   TN: 7   FP: 9   FN: 10      FPR: 0.56   TPR: 0.44   precision: 0.47   recall: 0.56   score: 0.51

test: [ 1 0 0 0 0 0 0 0 0 0 0 0 0 0 0 0 0 0 0 0 0 0 0 0 0 0 0 0 0 0 0 0 0 0 ]
real: [ 4 1 11 6 0 13 0 2 0 0 2 12 5 6 8 1 1 2 0 3 6 0 3 0 0 2 0 0 0 0 0 0 0 0 ]
[40] TP: 1   TN: 16   FP: 0   FN: 17      FPR: 0.00   TPR: 0.06   precision: 1.00   recall: 0.00   score: 0.00

test: [ 0 0 0 0 0 0 0 0 0 1 0 0 0 0 0 0 0 0 0 0 0 0 0 0 0 0 0 0 0 0 0 0 0 0 ]
real: [ 4 1 11 6 1 13 0 2 0 0 2 12 5 6 8 1 1 2 0 3 7 1 3 0 0 3 1 0 0 0 0 0 0 0 ]
[41] TP: 0   TN: 12   FP: 1   FN: 21      FPR: 0.08   TPR: 0.00   precision: 0.00   recall: 0.08   score: 0.00

test: [ 1 0 0 0 0 0 0 0 0 0 0 0 0 0 0 0 0 0 0 0 0 0 1 0 0 0 0 0 0 0 0 0 0 0 ]
real: [ 4 1 11 6 1 13 0 2 0 0 1 12 5 6 9 1 0 1 0 3 8 2 2 0 0 4 2 0 0 0 0 0 0 0 ]
[42] TP: 2   TN: 14   FP: 0   FN: 18      FPR: 0.00   TPR: 0.10   precision: 1.00   recall: 0.00   score: 0.00

test: [ 0 0 0 0 0 0 0 0 0 1 0 0 0 0 0 0 0 0 0 0 0 0 0 0 0 0 1 0 0 0 0 0 0 0 ]
real: [ 5 1 11 7 2 13 0 2 0 0 1 11 5 7 10 1 0 1 0 2 9 2 1 0 0 5 2 0 0 0 0 0 0 0 ]
[43] TP: 1   TN: 13   FP: 1   FN: 19      FPR: 0.07   TPR: 0.05   precision: 0.50   recall: 0.07   score: 0.12

test: [ 0 0 0 0 0 0 0 0 0 0 0 0 0 0 0 0 0 0 1 0 0 0 0 0 0 0 0 0 0 0 0 0 0 0 ]
real: [ 6 1 11 8 3 13 0 3 0 0 0 10 5 6 10 1 0 0 0 2 9 2 0 0 0 5 2 0 0 0 0 0 0 0 ]
[44] TP: 0   TN: 16   FP: 1   FN: 17      FPR: 0.06   TPR: 0.00   precision: 0.00   recall: 0.06   score: 0.00

test: [ 0 0 0 0 0 0 0 0 0 0 0 0 0 0 0 0 0 1 0 0 0 0 0 0 0 0 0 0 0 0 0 0 0 0 ]
real: [ 5 0 11 8 3 12 0 4 0 0 0 9 5 5 9 1 0 1 1 2 8 2 0 0 0 5 2 0 0 0 0 0 0 0 ]
[45] TP: 1   TN: 16   FP: 0   FN: 17      FPR: 0.00   TPR: 0.06   precision: 1.00   recall: 0.00   score: 0.00

test: [ 1 0 0 0 0 0 0 0 0 0 0 0 0 0 0 0 0 0 0 0 0 0 0 0 0 0 1 0 0 0 0 0 0 0 ]
real: [ 4 0 11 8 4 11 0 3 0 0 0 9 5 5 8 1 0 1 2 2 8 2 0 0 0 5 2 0 0 0 0 0 0 0 ]
[46] TP: 2   TN: 16   FP: 0   FN: 16      FPR: 0.00   TPR: 0.11   precision: 1.00   recall: 0.00   score: 0.00

test: [ 1 0 0 0 0 0 0 0 1 1 0 1 0 0 0 0 0 0 0 0 0 0 1 0 0 0 0 0 0 0 0 0 0 0 ]
real: [ 4 0 11 8 4 11 0 2 0 0 0 8 5 5 8 0 0 1 2 2 8 2 0 0 0 5 2 0 0 0 0 0 0 0 ]
[47] TP: 2   TN: 14   FP: 3   FN: 15      FPR: 0.18   TPR: 0.12   precision: 0.40   recall: 0.18   score: 0.25

test: [ 0 0 0 0 0 0 0 0 0 0 0 0 0 0 0 0 0 0 0 0 0 0 0 0 0 0 1 0 0 0 0 0 0 0 ]
real: [ 3 0 10 8 4 11 0 2 0 0 0 7 5 5 9 0 0 1 2 2 7 2 0 0 0 5 2 0 0 0 0 0 0 0 ]
[48] TP: 1   TN: 17   FP: 0   FN: 16      FPR: 0.00   TPR: 0.06   precision: 1.00   recall: 0.00   score: 0.00

test: [ 1 0 0 0 0 0 0 0 0 1 0 0 0 0 0 0 0 0 0 0 0 0 1 0 0 0 1 0 0 0 0 0 0 1 ]
real: [ 3 0 9 8 4 10 0 2 0 0 0 6 5 4 8 0 0 1 2 2 6 2 0 0 0 5 2 0 0 0 0 0 0 0 ]
[49] TP: 2   TN: 14   FP: 3   FN: 15      FPR: 0.18   TPR: 0.12   precision: 0.40   recall: 0.18   score: 0.25

test: [ 1 1 0 1 1 1 1 1 1 1 1 1 1 1 1 0 0 1 1 1 1 1 0 0 1 0 1 0 1 0 0 1 0 1 ]
real: [ 3 0 9 9 4 11 0 2 0 0 0 5 5 3 7 0 0 1 2 2 5 2 0 0 0 5 2 0 0 0 0 0 0 0 ]
[50] TP: 15   TN: 8   FP: 9   FN: 2      FPR: 0.53   TPR: 0.88   precision: 0.62   recall: 0.53   score: 0.57

test: [ 0 0 0 0 0 0 0 0 0 0 0 0 0 0 0 0 0 0 0 0 0 0 0 0 0 0 1 0 0 0 0 0 0 0 ]
real: [ 3 0 9 10 4 10 0 2 0 0 0 4 5 2 6 0 0 1 2 1 4 2 1 0 0 5 2 0 0 0 0 0 0 0 ]
[51] TP: 1   TN: 16   FP: 0   FN: 17      FPR: 0.00   TPR: 0.06   precision: 1.00   recall: 0.00   score: 0.00

test: [ 0 0 0 0 0 0 0 0 0 0 0 0 0 0 0 0 0 0 0 0 0 0 0 0 0 0 0 0 0 0 0 0 0 0 ]
real: [ 4 0 10 9 4 10 0 3 0 0 0 3 4 2 6 0 0 1 2 0 4 2 1 0 0 4 2 0 0 0 0 0 0 0 ]
[52] TP: 0   TN: 17   FP: 0   FN: 17      FPR: 0.00   TPR: 0.00   precision: 0.00   recall: 0.00   score: 0.00

test: [ 0 0 0 0 0 0 0 1 0 1 0 0 0 0 0 0 0 0 0 0 0 0 0 0 0 0 0 0 0 0 0 0 0 0 ]
real: [ 4 0 10 8 4 10 0 3 0 0 0 3 4 2 6 0 0 1 2 0 4 2 1 0 0 3 2 0 0 0 0 0 0 0 ]
[53] TP: 1   TN: 16   FP: 1   FN: 16      FPR: 0.06   TPR: 0.06   precision: 0.50   recall: 0.06   score: 0.11

test: [ 0 0 0 0 0 0 0 0 0 1 0 0 0 0 0 0 0 0 0 0 0 1 0 0 0 0 0 0 0 0 0 0 0 0 ]
real: [ 5 0 11 7 4 10 0 3 0 0 0 2 4 2 6 0 0 1 2 0 4 2 1 0 0 3 2 0 0 0 0 0 0 0 ]
[54] TP: 1   TN: 16   FP: 1   FN: 16      FPR: 0.06   TPR: 0.06   precision: 0.50   recall: 0.06   score: 0.11

test: [ 0 0 0 0 0 0 0 0 0 0 0 0 0 0 0 0 0 1 0 0 0 0 1 0 0 0 0 0 0 0 0 0 0 0 ]
real: [ 5 0 10 6 4 10 0 3 0 0 0 1 3 2 6 0 0 1 2 0 3 2 1 0 0 3 2 0 0 0 0 0 0 0 ]
[55] TP: 2   TN: 17   FP: 0   FN: 15      FPR: 0.00   TPR: 0.12   precision: 1.00   recall: 0.00   score: 0.00

test: [ 0 0 0 0 0 0 0 0 0 0 0 0 0 0 0 0 0 0 0 0 0 1 1 0 0 0 0 0 0 0 0 0 0 0 ]
real: [ 5 0 9 6 3 10 0 3 0 0 0 0 2 2 6 0 0 1 2 0 2 1 1 0 0 2 1 0 0 0 0 0 0 0 ]
[56] TP: 2   TN: 18   FP: 0   FN: 14      FPR: 0.00   TPR: 0.12   precision: 1.00   recall: 0.00   score: 0.00

test: [ 1 0 0 0 0 0 0 0 0 0 0 0 0 0 0 0 0 0 0 0 0 0 1 0 0 0 1 0 0 0 0 0 0 0 ]
real: [ 5 0 8 6 3 10 0 3 0 0 0 0 1 2 6 0 0 1 2 0 1 0 1 0 0 1 0 0 0 0 0 0 0 0 ]
[57] TP: 2   TN: 19   FP: 1   FN: 12      FPR: 0.05   TPR: 0.14   precision: 0.67   recall: 0.05   score: 0.09

test: [ 0 0 0 0 0 0 0 0 0 0 0 0 0 0 0 0 0 0 0 0 0 0 0 0 0 0 1 0 0 0 0 0 0 0 ]
real: [ 5 0 8 6 2 10 0 3 0 0 0 0 0 2 6 0 0 1 2 0 0 0 1 0 0 0 0 0 0 0 0 0 0 0 ]
[58] TP: 0   TN: 22   FP: 1   FN: 11      FPR: 0.04   TPR: 0.00   precision: 0.00   recall: 0.04   score: 0.00

test: [ 0 0 0 0 0 0 0 1 0 0 0 0 0 0 0 0 0 0 0 0 0 0 0 0 0 0 0 0 0 0 0 0 0 0 ]
real: [ 5 0 8 5 1 10 0 2 0 0 0 0 0 2 7 0 0 1 2 0 0 0 1 0 0 0 0 0 0 0 0 0 0 0 ]
[59] TP: 1   TN: 23   FP: 0   FN: 10      FPR: 0.00   TPR: 0.09   precision: 1.00   recall: 0.00   score: 0.00

test: [ 1 0 0 0 0 0 0 0 0 0 0 0 0 0 0 0 0 0 0 0 0 0 1 0 0 0 0 0 0 0 0 0 0 0 ]
real: [ 5 0 8 5 1 10 0 2 0 0 0 0 0 2 7 0 0 0 1 0 0 0 1 0 0 0 0 0 0 0 0 0 0 0 ]
[60] TP: 2   TN: 24   FP: 0   FN: 8      FPR: 0.00   TPR: 0.20   precision: 1.00   recall: 0.00   score: 0.00

test: [ 0 0 0 0 0 0 0 0 0 0 0 0 0 0 0 0 0 0 0 0 0 1 1 0 0 0 0 0 0 0 0 0 0 0 ]
real: [ 6 0 8 4 0 10 0 2 0 0 0 0 0 2 7 0 0 0 0 0 1 0 1 0 0 0 0 0 0 0 0 0 0 0 ]
[61] TP: 1   TN: 24   FP: 1   FN: 8      FPR: 0.04   TPR: 0.11   precision: 0.50   recall: 0.04   score: 0.07

test: [ 1 0 0 0 0 0 0 0 0 0 0 0 0 0 0 0 0 0 0 0 0 0 0 0 0 0 0 0 0 0 0 0 0 0 ]
real: [ 7 1 8 4 0 9 0 2 0 0 0 0 0 2 7 0 0 0 0 0 1 0 1 0 0 0 0 0 0 0 0 0 0 0 ]
[62] TP: 1   TN: 24   FP: 0   FN: 9      FPR: 0.00   TPR: 0.10   precision: 1.00   recall: 0.00   score: 0.00

test: [ 0 0 0 0 0 0 0 1 0 0 0 0 0 0 0 0 0 0 0 0 0 1 0 0 0 0 0 0 0 0 0 0 0 0 ]
real: [ 8 1 9 5 0 9 0 2 0 0 0 0 0 2 6 0 0 0 0 0 1 0 1 0 0 0 0 0 0 0 0 0 0 0 ]
[63] TP: 1   TN: 23   FP: 1   FN: 9      FPR: 0.04   TPR: 0.10   precision: 0.50   recall: 0.04   score: 0.07

test: [ 1 0 0 0 0 0 0 0 0 0 0 0 0 0 0 0 0 0 0 0 0 0 1 0 0 0 0 0 0 0 0 0 0 0 ]
real: [ 9 1 10 6 0 10 0 2 0 0 0 0 0 2 6 0 0 0 0 0 1 0 1 0 0 0 0 0 1 0 0 0 0 0 ]
[64] TP: 2   TN: 23   FP: 0   FN: 9      FPR: 0.00   TPR: 0.18   precision: 1.00   recall: 0.00   score: 0.00

test: [ 1 0 0 0 0 0 0 0 0 0 0 0 0 0 0 0 0 0 0 0 0 0 0 0 0 0 0 0 0 0 0 0 0 0 ]
real: [ 10 1 11 6 1 10 0 2 0 0 0 0 0 2 6 0 0 0 0 0 1 0 1 0 0 0 0 0 1 0 0 0 0 0 ]
[65] TP: 1   TN: 22   FP: 0   FN: 11      FPR: 0.00   TPR: 0.08   precision: 1.00   recall: 0.00   score: 0.00

test: [ 0 0 0 0 0 0 0 0 0 0 0 0 0 0 0 0 0 0 0 0 0 0 1 0 0 0 0 0 0 0 0 0 0 0 ]
real: [ 10 1 12 6 1 11 0 2 0 0 0 0 0 2 6 0 0 0 0 0 2 0 1 0 0 0 0 0 1 0 0 0 0 0 ]
[66] TP: 1   TN: 22   FP: 0   FN: 11      FPR: 0.00   TPR: 0.08   precision: 1.00   recall: 0.00   score: 0.00

test: [ 0 0 0 0 0 0 0 0 0 0 0 0 0 0 0 0 0 0 0 0 0 0 1 0 0 0 1 0 0 0 0 0 0 0 ]
real: [ 9 1 11 6 1 11 0 1 0 0 0 0 0 2 5 0 0 1 0 0 2 0 1 0 0 0 1 0 1 0 0 0 0 0 ]
[67] TP: 2   TN: 20   FP: 0   FN: 12      FPR: 0.00   TPR: 0.14   precision: 1.00   recall: 0.00   score: 0.00

test: [ 1 0 0 0 0 0 0 0 0 0 0 0 0 0 0 0 0 0 0 0 0 0 0 0 0 0 0 0 0 0 0 0 0 0 ]
real: [ 9 1 10 6 1 11 0 1 0 0 0 0 0 3 5 0 0 1 0 0 3 0 1 0 0 0 1 0 1 0 0 0 0 0 ]
[68] TP: 1   TN: 20   FP: 0   FN: 13      FPR: 0.00   TPR: 0.07   precision: 1.00   recall: 0.00   score: 0.00

test: [ 1 1 1 1 1 1 1 1 1 1 1 1 1 1 1 1 1 1 1 1 1 1 1 0 1 1 1 0 1 1 1 1 1 1 ]
real: [ 8 1 10 6 2 11 0 1 0 0 0 0 0 4 6 0 0 1 0 0 4 1 1 0 0 0 1 0 1 0 0 0 0 0 ]
[69] TP: 15   TN: 2   FP: 17   FN: 0      FPR: 0.89   TPR: 1.00   precision: 0.47   recall: 0.89   score: 0.62

test: [ 0 0 0 0 0 0 0 0 0 0 0 0 0 0 0 0 0 0 0 0 0 0 0 0 0 0 0 0 0 0 0 0 0 0 ]
real: [ 8 1 11 6 2 11 0 1 0 0 0 0 1 4 6 0 0 1 0 0 4 1 1 0 0 0 1 0 1 0 0 0 0 0 ]
[70] TP: 0   TN: 18   FP: 0   FN: 16      FPR: 0.00   TPR: 0.00   precision: 0.00   recall: 0.00   score: 0.00

test: [ 0 0 0 0 0 0 1 1 0 1 0 0 0 0 0 0 0 1 0 0 0 0 1 0 1 0 1 0 0 1 0 0 0 1 ]
real: [ 8 1 11 6 2 11 0 1 0 0 0 0 1 4 5 0 0 1 0 0 4 1 1 0 0 0 1 0 1 0 0 0 0 0 ]
[71] TP: 4   TN: 13   FP: 5   FN: 12      FPR: 0.28   TPR: 0.25   precision: 0.44   recall: 0.28   score: 0.34

test: [ 0 0 0 0 0 0 0 0 0 1 0 0 0 0 0 0 0 0 0 0 0 0 1 0 0 0 0 0 0 0 0 0 0 0 ]
real: [ 8 1 12 6 2 11 0 1 0 0 0 0 1 3 5 0 0 1 0 0 4 1 1 0 0 0 1 0 1 0 0 0 0 0 ]
[72] TP: 1   TN: 17   FP: 1   FN: 15      FPR: 0.06   TPR: 0.06   precision: 0.50   recall: 0.06   score: 0.11

test: [ 1 0 0 0 0 0 0 0 0 0 0 0 0 0 0 0 0 0 0 0 0 0 0 0 0 0 0 0 0 0 0 0 0 0 ]
real: [ 7 1 11 5 2 11 0 1 0 0 0 0 1 2 4 0 0 1 0 0 4 1 1 0 0 0 1 0 1 0 0 0 0 0 ]
[73] TP: 1   TN: 18   FP: 0   FN: 15      FPR: 0.00   TPR: 0.06   precision: 1.00   recall: 0.00   score: 0.00

test: [ 0 0 0 0 0 0 0 0 0 1 0 0 0 0 0 0 0 0 0 0 0 0 0 0 0 0 0 0 0 0 0 0 1 0 ]
real: [ 6 1 11 5 2 11 0 1 0 0 0 0 1 2 3 0 0 1 0 0 4 1 1 0 0 0 2 0 1 0 0 0 0 0 ]
[74] TP: 0   TN: 16   FP: 2   FN: 16      FPR: 0.11   TPR: 0.00   precision: 0.00   recall: 0.11   score: 0.00

test: [ 0 0 0 0 0 0 0 1 0 0 0 0 0 0 0 0 0 0 0 0 0 0 0 0 0 0 0 0 0 0 0 0 0 0 ]
real: [ 7 1 11 4 2 12 0 0 0 0 0 0 1 2 4 0 1 1 0 0 4 1 2 0 0 0 2 0 1 0 0 0 0 0 ]
[75] TP: 0   TN: 17   FP: 1   FN: 16      FPR: 0.06   TPR: 0.00   precision: 0.00   recall: 0.06   score: 0.00

test: [ 1 0 0 0 0 0 0 0 0 0 0 0 0 0 0 0 0 0 0 0 0 0 0 0 0 0 0 0 0 0 0 0 0 0 ]
real: [ 7 1 11 4 2 13 0 0 0 0 0 0 1 2 5 0 1 1 0 0 3 1 2 0 0 0 2 0 1 0 0 0 0 0 ]
[76] TP: 1   TN: 18   FP: 0   FN: 15      FPR: 0.00   TPR: 0.06   precision: 1.00   recall: 0.00   score: 0.00

test: [ 0 0 0 0 0 0 0 0 0 0 0 0 0 0 0 0 0 0 0 0 0 0 1 0 0 0 1 0 0 0 0 0 0 0 ]
real: [ 6 0 11 4 2 13 0 1 0 0 0 0 1 2 5 0 1 1 0 0 3 1 2 0 0 0 2 0 1 0 0 0 0 0 ]
[77] TP: 2   TN: 18   FP: 0   FN: 14      FPR: 0.00   TPR: 0.12   precision: 1.00   recall: 0.00   score: 0.00

test: [ 0 0 0 0 0 0 0 0 0 1 0 0 0 0 0 0 1 0 0 0 0 0 0 0 0 0 0 0 0 0 0 0 0 0 ]
real: [ 5 0 10 3 2 13 0 1 0 1 0 0 1 2 5 0 1 1 0 0 3 1 2 0 0 0 2 0 1 0 0 0 0 0 ]
[78] TP: 2   TN: 17   FP: 0   FN: 15      FPR: 0.00   TPR: 0.12   precision: 1.00   recall: 0.00   score: 0.00

test: [ 1 0 0 0 0 0 0 0 0 0 0 0 0 0 0 0 0 0 0 0 0 0 1 0 0 0 0 0 0 0 0 0 0 0 ]
real: [ 4 0 9 2 2 12 0 1 0 1 0 0 1 2 5 0 1 1 0 0 4 1 2 0 0 0 2 0 0 0 0 0 0 0 ]
[79] TP: 2   TN: 18   FP: 0   FN: 14      FPR: 0.00   TPR: 0.12   precision: 1.00   recall: 0.00   score: 0.00

test: [ 0 0 0 0 0 0 0 0 0 0 0 0 0 0 0 0 0 0 0 0 0 1 1 0 0 0 0 0 0 0 0 0 0 0 ]
real: [ 3 0 8 1 1 12 0 1 0 1 0 0 1 2 6 0 1 1 0 0 4 1 2 0 0 0 3 0 0 0 0 0 0 0 ]
[80] TP: 2   TN: 18   FP: 0   FN: 14      FPR: 0.00   TPR: 0.12   precision: 1.00   recall: 0.00   score: 0.00

test: [ 0 0 0 0 0 0 0 0 0 1 0 0 0 0 0 0 0 0 0 0 0 0 0 0 0 1 0 0 0 0 0 0 0 0 ]
real: [ 3 0 7 0 1 11 0 1 0 1 0 0 1 2 7 0 1 1 1 0 3 1 1 0 0 0 4 0 0 0 0 0 0 0 ]
[81] TP: 1   TN: 17   FP: 1   FN: 15      FPR: 0.06   TPR: 0.06   precision: 0.50   recall: 0.06   score: 0.11

test: [ 1 0 0 0 0 0 0 0 0 0 0 0 0 0 0 0 0 0 0 0 0 0 1 0 0 0 0 0 1 0 0 0 0 0 ]
real: [ 3 0 7 0 1 11 0 1 0 2 0 0 1 2 7 0 1 0 1 0 3 1 1 0 0 0 4 0 0 0 0 0 0 0 ]
[82] TP: 2   TN: 18   FP: 1   FN: 13      FPR: 0.05   TPR: 0.13   precision: 0.67   recall: 0.05   score: 0.09

test: [ 0 0 0 0 0 0 0 0 0 0 0 0 0 0 0 0 0 1 0 0 0 0 0 0 0 0 0 0 0 0 0 0 0 0 ]
real: [ 3 0 7 1 1 10 0 1 1 3 0 0 1 1 7 0 1 0 1 0 2 1 1 0 0 0 4 0 0 0 0 0 0 0 ]
[83] TP: 0   TN: 16   FP: 1   FN: 17      FPR: 0.06   TPR: 0.00   precision: 0.00   recall: 0.06   score: 0.00

test: [ 0 0 0 0 0 0 0 0 0 1 0 0 0 0 0 0 0 0 0 0 0 0 0 0 0 0 0 0 0 0 0 0 0 0 ]
real: [ 4 0 6 2 0 10 0 2 2 4 0 0 1 0 7 0 1 0 1 0 1 0 1 0 0 0 4 0 0 0 0 0 0 0 ]
[84] TP: 1   TN: 20   FP: 0   FN: 13      FPR: 0.00   TPR: 0.07   precision: 1.00   recall: 0.00   score: 0.00

test: [ 0 0 0 0 0 0 0 1 0 0 0 0 0 0 0 0 0 0 0 0 0 0 1 0 0 0 0 0 0 0 0 0 0 0 ]
real: [ 5 0 6 3 0 10 0 3 2 4 0 1 0 0 6 0 1 0 1 0 1 0 1 0 0 0 4 0 0 0 0 0 0 0 ]
[85] TP: 2   TN: 20   FP: 0   FN: 12      FPR: 0.00   TPR: 0.14   precision: 1.00   recall: 0.00   score: 0.00

test: [ 1 0 0 0 0 0 0 0 0 0 0 0 0 0 0 0 0 0 0 0 0 0 0 0 0 0 0 0 0 0 0 0 0 0 ]
real: [ 6 0 7 4 1 10 1 4 2 4 0 1 0 0 6 0 1 0 1 0 1 0 1 0 0 0 5 0 0 0 0 0 0 0 ]
[86] TP: 1   TN: 18   FP: 0   FN: 15      FPR: 0.00   TPR: 0.06   precision: 1.00   recall: 0.00   score: 0.00

test: [ 0 0 0 0 0 0 0 0 0 0 0 0 0 0 0 0 0 1 0 0 0 0 1 0 0 0 0 0 0 0 0 0 0 0 ]
real: [ 6 1 7 4 1 10 1 5 2 4 0 1 0 0 5 0 1 0 1 0 1 0 1 0 0 0 6 0 0 0 0 0 0 0 ]
[87] TP: 1   TN: 16   FP: 1   FN: 16      FPR: 0.06   TPR: 0.06   precision: 0.50   recall: 0.06   score: 0.11

test: [ 0 0 0 0 0 0 0 1 0 0 0 0 0 0 0 0 0 0 0 0 0 0 1 0 0 0 0 0 0 0 0 0 0 0 ]
real: [ 7 1 8 4 1 9 1 5 2 4 0 1 0 0 5 0 1 0 1 0 1 0 1 0 0 0 7 0 0 0 0 0 0 0 ]
[88] TP: 2   TN: 17   FP: 0   FN: 15      FPR: 0.00   TPR: 0.12   precision: 1.00   recall: 0.00   score: 0.00

test: [ 1 0 0 0 0 0 0 0 1 1 0 0 0 0 0 0 0 0 0 0 0 0 1 0 0 0 0 0 0 0 0 0 0 0 ]
real: [ 8 1 8 4 1 9 1 5 2 4 0 1 0 0 5 0 1 0 1 0 1 0 1 0 0 0 7 0 0 0 0 0 0 0 ]
[89] TP: 4   TN: 17   FP: 0   FN: 13      FPR: 0.00   TPR: 0.24   precision: 1.00   recall: 0.00   score: 0.00

test: [ 1 0 0 0 0 1 1 1 1 1 0 0 0 0 0 0 1 0 0 0 0 0 1 0 0 0 0 1 0 0 0 0 0 1 ]
real: [ 8 1 8 5 1 8 1 5 2 4 0 1 0 0 4 0 0 0 1 0 2 0 0 0 0 0 8 0 0 0 0 0 0 0 ]
[90] TP: 6   TN: 15   FP: 4   FN: 9      FPR: 0.21   TPR: 0.40   precision: 0.60   recall: 0.21   score: 0.31

test: [ 1 0 0 0 0 1 1 1 1 1 0 0 0 0 0 0 0 0 0 0 0 0 1 0 0 0 0 0 0 0 0 0 0 1 ]
real: [ 8 1 8 5 1 7 1 5 2 4 0 1 0 0 3 0 0 0 1 0 2 0 0 0 0 0 9 0 0 0 0 0 0 0 ]
[91] TP: 6   TN: 17   FP: 2   FN: 9      FPR: 0.11   TPR: 0.40   precision: 0.75   recall: 0.11   score: 0.19

##########FPR vs TPR(Forecasting)##########
test: [ 0 0 0 1 0 0 0 1 1 1 0 0 0 0 0 0 0 0 0 0 0 0 1 0 0 0 0 0 0 0 0 0 0 1 ]
real: [ 2 1 5 4 1 6 0 2 0 0 0 0 0 0 2 1 0 0 0 0 1 1 0 0 0 0 0 0 0 0 0 0 0 0 ]
[7] TP: 2   TN: 19   FP: 4   FN: 9      FPR: 0.17   TPR: 0.18   precision: 0.33   recall: 0.17   score: 0.22

test: [ 1 0 0 0 0 0 0 0 0 1 0 0 0 0 0 0 0 0 0 0 0 0 0 0 0 0 1 0 0 0 0 0 0 0 ]
real: [ 1 0 5 4 1 6 0 1 0 0 0 0 0 0 1 1 0 0 0 0 1 1 1 0 0 0 0 0 0 0 0 0 0 0 ]
[8] TP: 1   TN: 21   FP: 2   FN: 10      FPR: 0.09   TPR: 0.09   precision: 0.33   recall: 0.09   score: 0.14

test: [ 1 0 0 0 1 0 0 1 0 1 0 0 1 1 1 0 0 1 0 0 0 1 1 0 0 0 1 0 0 1 0 1 0 0 ]
real: [ 1 0 5 3 1 6 0 1 0 0 0 0 0 0 1 0 0 0 0 0 1 1 2 0 0 0 0 0 0 0 0 0 0 0 ]
[9] TP: 6   TN: 17   FP: 7   FN: 4      FPR: 0.29   TPR: 0.60   precision: 0.46   recall: 0.29   score: 0.36

test: [ 1 0 0 0 0 0 0 0 0 0 0 0 0 0 0 0 0 0 0 0 0 0 0 0 0 0 0 0 0 0 0 0 0 0 ]
real: [ 2 0 6 2 1 5 0 2 0 0 0 0 0 0 1 0 0 0 0 0 1 1 3 0 0 0 0 0 0 0 0 0 0 0 ]
[10] TP: 1   TN: 24   FP: 0   FN: 9      FPR: 0.00   TPR: 0.10   precision: 1.00   recall: 0.00   score: 0.00

test: [ 1 0 0 0 0 0 0 0 0 0 0 0 0 0 0 0 0 0 0 0 0 0 1 0 0 0 0 0 0 0 0 0 0 0 ]
real: [ 3 0 6 2 1 5 1 1 0 0 1 0 0 0 0 1 1 0 0 0 0 0 4 0 0 0 0 1 0 0 0 0 0 0 ]
[11] TP: 2   TN: 22   FP: 0   FN: 10      FPR: 0.00   TPR: 0.17   precision: 1.00   recall: 0.00   score: 0.00

test: [ 0 0 0 0 0 0 0 0 1 0 0 0 0 0 0 0 0 0 0 0 0 0 0 0 0 0 0 0 0 0 0 0 0 1 ]
real: [ 3 0 6 1 1 4 2 1 0 1 1 0 0 0 0 2 2 0 0 0 0 0 5 0 0 0 0 2 0 0 0 0 0 0 ]
[12] TP: 0   TN: 19   FP: 2   FN: 13      FPR: 0.10   TPR: 0.00   precision: 0.00   recall: 0.10   score: 0.00

test: [ 1 1 1 0 1 0 1 1 1 1 1 1 0 0 0 1 0 1 1 0 0 0 1 0 1 0 0 1 0 1 0 0 0 1 ]
real: [ 3 0 5 1 1 4 2 1 0 1 2 0 0 0 0 3 3 0 0 0 0 0 6 0 1 0 0 3 0 0 0 0 0 0 ]
[13] TP: 11   TN: 13   FP: 7   FN: 3      FPR: 0.35   TPR: 0.79   precision: 0.61   recall: 0.35   score: 0.44

test: [ 1 0 0 0 0 0 0 0 0 0 0 0 0 0 0 0 0 0 0 0 0 0 0 0 0 0 0 0 0 0 0 0 0 1 ]
real: [ 3 0 4 2 1 3 2 1 0 2 3 0 0 0 0 4 4 0 0 0 0 0 7 0 1 0 0 4 0 0 0 0 0 0 ]
[14] TP: 1   TN: 19   FP: 1   FN: 13      FPR: 0.05   TPR: 0.07   precision: 0.50   recall: 0.05   score: 0.09

test: [ 1 0 0 0 0 0 0 1 0 0 0 0 0 0 0 0 0 0 0 0 0 1 1 0 0 0 0 0 0 0 0 0 0 0 ]
real: [ 3 0 3 2 1 2 2 1 0 2 4 0 0 0 0 5 4 0 0 0 0 0 7 0 1 0 0 4 0 0 0 0 0 0 ]
[15] TP: 3   TN: 19   FP: 1   FN: 11      FPR: 0.05   TPR: 0.21   precision: 0.75   recall: 0.05   score: 0.09

test: [ 1 0 0 0 0 0 0 0 0 1 0 0 0 0 0 0 0 0 0 0 0 0 1 0 0 0 0 0 0 0 0 0 0 0 ]
real: [ 3 0 3 2 1 1 2 1 0 2 4 0 0 0 0 6 4 0 0 0 0 0 7 0 1 0 0 4 0 0 0 0 0 0 ]
[16] TP: 3   TN: 20   FP: 0   FN: 11      FPR: 0.00   TPR: 0.21   precision: 1.00   recall: 0.00   score: 0.00

test: [ 1 0 0 0 0 0 0 0 1 1 0 0 0 0 0 0 0 1 0 0 0 0 1 1 0 0 0 0 0 0 0 0 0 0 ]
real: [ 2 0 3 2 1 2 2 0 0 2 4 0 0 0 0 7 5 0 0 0 0 0 7 0 1 0 0 5 0 0 0 0 0 0 ]
[17] TP: 3   TN: 18   FP: 3   FN: 10      FPR: 0.14   TPR: 0.23   precision: 0.50   recall: 0.14   score: 0.22

test: [ 0 0 0 0 0 0 1 1 1 1 0 0 0 0 0 0 0 0 0 0 0 0 1 0 0 0 1 0 0 0 0 0 0 0 ]
real: [ 2 0 3 2 1 2 2 1 0 2 4 0 0 0 0 6 5 0 0 0 0 0 7 0 1 0 0 4 0 0 0 0 0 0 ]
[18] TP: 4   TN: 18   FP: 2   FN: 10      FPR: 0.10   TPR: 0.29   precision: 0.67   recall: 0.10   score: 0.17

test: [ 0 0 0 0 0 0 0 0 0 1 0 0 0 0 0 0 0 0 0 0 0 0 0 0 0 1 0 0 0 0 0 0 0 0 ]
real: [ 1 0 2 2 0 3 1 1 0 1 4 0 0 0 0 5 4 0 0 0 0 0 7 0 1 0 0 3 0 0 0 0 0 0 ]
[19] TP: 1   TN: 20   FP: 1   FN: 12      FPR: 0.05   TPR: 0.08   precision: 0.50   recall: 0.05   score: 0.09

test: [ 1 0 0 0 0 0 0 0 0 1 0 0 0 0 0 0 0 0 0 0 0 0 0 0 0 0 0 0 0 0 0 0 0 0 ]
real: [ 1 0 3 2 1 3 1 1 0 1 3 0 0 0 0 4 3 0 0 0 0 0 7 0 0 0 0 2 0 0 0 0 0 0 ]
[20] TP: 2   TN: 21   FP: 0   FN: 11      FPR: 0.00   TPR: 0.15   precision: 1.00   recall: 0.00   score: 0.00

test: [ 0 0 0 0 0 0 0 0 0 0 0 0 0 0 0 0 0 0 0 0 0 0 0 0 1 0 0 0 0 0 0 0 0 0 ]
real: [ 1 0 3 1 1 3 1 1 0 0 2 0 0 0 0 3 2 0 0 0 0 0 7 0 0 0 0 1 0 0 0 0 0 0 ]
[21] TP: 0   TN: 21   FP: 1   FN: 12      FPR: 0.05   TPR: 0.00   precision: 0.00   recall: 0.05   score: 0.00

test: [ 0 0 0 0 0 0 0 0 1 0 0 0 0 0 0 0 0 0 0 0 0 0 0 0 0 0 0 0 0 0 0 0 0 0 ]
real: [ 1 0 3 1 1 3 1 1 0 0 1 0 0 0 0 2 2 0 0 0 0 0 7 0 0 0 0 1 0 0 0 0 0 0 ]
[22] TP: 0   TN: 21   FP: 1   FN: 12      FPR: 0.05   TPR: 0.00   precision: 0.00   recall: 0.05   score: 0.00

test: [ 0 0 0 0 0 0 0 0 0 0 0 0 0 0 0 0 0 0 0 0 0 0 0 0 0 0 0 0 0 0 0 0 0 1 ]
real: [ 1 0 4 1 1 4 1 1 0 0 1 0 0 0 0 1 2 0 0 0 0 0 7 0 0 0 0 1 0 0 0 0 0 0 ]
[23] TP: 0   TN: 21   FP: 1   FN: 12      FPR: 0.05   TPR: 0.00   precision: 0.00   recall: 0.05   score: 0.00

test: [ 0 0 0 0 0 0 0 0 0 1 0 0 0 0 0 0 0 1 0 0 0 1 1 0 0 0 0 1 0 0 0 0 0 0 ]
real: [ 1 0 4 1 1 4 1 2 0 0 1 0 0 0 0 0 1 1 0 0 0 0 7 0 0 0 0 0 0 0 0 0 0 0 ]
[24] TP: 2   TN: 20   FP: 3   FN: 9      FPR: 0.13   TPR: 0.18   precision: 0.40   recall: 0.13   score: 0.20

test: [ 1 1 1 1 1 1 0 1 1 1 1 1 1 1 1 0 0 1 1 0 1 1 1 0 1 0 1 0 1 1 0 0 0 1 ]
real: [ 0 0 3 1 1 3 0 1 0 0 0 0 0 0 0 1 0 2 0 0 0 0 7 0 0 0 0 0 0 0 0 0 0 0 ]
[25] TP: 7   TN: 9   FP: 17   FN: 1      FPR: 0.65   TPR: 0.88   precision: 0.29   recall: 0.65   score: 0.40

test: [ 1 0 0 0 0 0 0 1 0 0 1 1 0 0 0 0 0 1 1 0 1 0 0 0 0 1 1 0 1 0 1 0 0 1 ]
real: [ 0 0 4 2 2 2 0 1 0 0 0 0 0 0 0 2 1 3 0 0 0 0 7 0 0 0 0 1 0 0 0 0 0 0 ]
[26] TP: 2   TN: 14   FP: 10   FN: 8      FPR: 0.42   TPR: 0.20   precision: 0.17   recall: 0.42   score: 0.24

test: [ 1 0 0 0 0 0 0 0 0 1 0 0 0 0 0 0 0 0 0 0 0 0 1 0 0 0 0 0 0 0 0 0 0 0 ]
real: [ 0 0 3 2 1 2 0 1 0 0 0 0 0 0 0 2 1 3 0 0 0 0 7 0 0 0 0 1 0 0 0 0 0 0 ]
[27] TP: 1   TN: 22   FP: 2   FN: 9      FPR: 0.08   TPR: 0.10   precision: 0.33   recall: 0.08   score: 0.13

test: [ 0 0 0 0 0 0 1 0 1 1 0 0 0 0 0 0 0 0 0 0 0 0 0 0 0 0 0 0 0 0 0 0 0 0 ]
real: [ 0 0 3 2 1 2 0 1 0 0 0 0 0 0 0 2 1 3 0 0 0 0 7 0 0 0 0 1 0 0 0 0 0 0 ]
[28] TP: 0   TN: 21   FP: 3   FN: 10      FPR: 0.12   TPR: 0.00   precision: 0.00   recall: 0.12   score: 0.00

test: [ 1 0 0 0 0 0 0 0 0 0 0 0 0 0 0 0 1 0 0 0 0 0 1 0 0 0 0 0 0 0 0 0 0 0 ]
real: [ 0 0 3 2 1 2 0 1 0 0 0 0 0 0 0 2 1 4 0 0 0 0 7 0 0 0 0 1 0 0 0 0 0 0 ]
[29] TP: 2   TN: 23   FP: 1   FN: 8      FPR: 0.04   TPR: 0.20   precision: 0.67   recall: 0.04   score: 0.08

test: [ 0 0 0 0 0 0 0 0 0 0 0 1 0 0 0 0 0 0 0 0 0 0 0 0 0 0 0 0 0 0 0 0 0 0 ]
real: [ 0 0 3 2 1 1 0 1 0 0 0 1 0 0 0 2 2 5 0 0 0 0 6 0 0 0 0 1 0 0 0 0 0 0 ]
[30] TP: 1   TN: 23   FP: 0   FN: 10      FPR: 0.00   TPR: 0.09   precision: 1.00   recall: 0.00   score: 0.00

test: [ 0 0 0 0 0 0 0 0 0 0 0 0 0 0 0 1 0 0 0 0 0 0 1 0 0 0 0 0 0 0 0 0 0 0 ]
real: [ 0 0 2 2 1 0 0 0 0 0 0 1 0 0 1 2 2 5 0 0 0 0 5 0 0 0 0 1 0 0 0 0 0 0 ]
[31] TP: 2   TN: 24   FP: 0   FN: 8      FPR: 0.00   TPR: 0.20   precision: 1.00   recall: 0.00   score: 0.00

test: [ 1 0 0 0 0 0 0 0 0 1 0 0 0 0 0 0 0 0 0 0 0 0 1 0 0 0 0 0 0 0 0 0 0 1 ]
real: [ 0 0 2 1 1 0 1 0 0 0 0 1 0 0 1 1 2 4 0 0 0 0 4 0 0 0 0 1 0 0 0 0 0 0 ]
[32] TP: 1   TN: 20   FP: 3   FN: 10      FPR: 0.13   TPR: 0.09   precision: 0.25   recall: 0.13   score: 0.17

test: [ 1 1 1 1 1 1 1 1 1 1 1 1 1 1 1 0 0 1 1 0 1 1 1 1 1 1 1 0 1 0 0 1 0 1 ]
real: [ 0 0 1 0 0 1 1 0 0 0 0 2 0 0 2 0 1 3 0 0 0 0 3 0 0 0 0 0 0 0 0 0 0 0 ]
[33] TP: 7   TN: 6   FP: 20   FN: 1      FPR: 0.77   TPR: 0.88   precision: 0.26   recall: 0.77   score: 0.39

test: [ 1 1 1 1 0 1 0 1 0 0 1 1 0 0 1 1 0 1 0 0 1 1 0 0 1 0 1 0 1 1 0 1 0 1 ]
real: [ 0 0 2 0 0 2 1 0 0 0 0 3 1 0 3 0 1 3 0 0 0 0 2 0 0 0 0 0 0 0 0 0 0 0 ]
[34] TP: 5   TN: 11   FP: 14   FN: 4      FPR: 0.56   TPR: 0.56   precision: 0.26   recall: 0.56   score: 0.36

test: [ 1 0 0 0 0 0 0 0 0 0 0 0 0 0 0 0 0 0 0 0 0 0 0 0 0 0 0 0 0 0 0 0 0 0 ]
real: [ 1 0 3 0 0 3 1 0 0 0 1 3 2 1 3 0 2 4 0 0 0 0 2 0 0 0 0 0 0 0 0 0 0 0 ]
[35] TP: 1   TN: 22   FP: 0   FN: 11      FPR: 0.00   TPR: 0.08   precision: 1.00   recall: 0.00   score: 0.00

test: [ 1 0 0 0 0 0 0 0 0 0 1 0 0 0 0 0 0 0 0 0 0 0 1 0 0 0 0 0 0 0 0 0 0 0 ]
real: [ 1 0 4 0 0 4 1 0 0 0 1 4 3 1 3 0 2 3 0 1 0 0 2 0 0 0 0 0 0 0 0 0 0 0 ]
[36] TP: 3   TN: 21   FP: 0   FN: 10      FPR: 0.00   TPR: 0.23   precision: 1.00   recall: 0.00   score: 0.00

test: [ 0 0 0 0 0 0 0 0 0 1 0 0 0 0 0 0 0 0 0 0 0 1 1 0 0 0 1 0 0 0 0 0 0 1 ]
real: [ 1 0 4 0 0 5 1 0 0 0 2 4 3 2 3 0 1 3 0 1 0 0 3 0 0 0 0 0 0 0 0 0 0 0 ]
[37] TP: 1   TN: 17   FP: 4   FN: 12      FPR: 0.19   TPR: 0.08   precision: 0.20   recall: 0.19   score: 0.19

test: [ 0 0 0 0 0 0 0 0 1 0 0 0 0 0 0 0 0 0 0 0 0 0 0 0 0 0 0 0 0 0 0 0 0 0 ]
real: [ 2 1 5 1 0 6 1 0 0 0 2 5 3 3 3 0 1 2 0 1 1 0 3 0 0 0 0 0 0 0 0 0 0 0 ]
[38] TP: 0   TN: 17   FP: 1   FN: 16      FPR: 0.06   TPR: 0.00   precision: 0.00   recall: 0.06   score: 0.00

test: [ 1 1 1 0 1 0 1 1 1 1 1 0 0 0 0 1 0 1 1 0 0 0 1 1 1 0 0 0 0 1 0 0 0 1 ]
real: [ 3 1 6 2 0 7 0 1 0 0 2 5 3 3 4 0 1 2 0 1 1 0 3 0 0 0 0 0 0 0 0 0 0 0 ]
[39] TP: 7   TN: 8   FP: 10   FN: 9      FPR: 0.56   TPR: 0.44   precision: 0.41   recall: 0.56   score: 0.47

test: [ 1 0 0 0 0 0 0 0 0 0 0 0 0 0 0 0 0 0 0 0 0 0 0 0 0 0 0 0 0 0 0 0 0 0 ]
real: [ 3 1 7 2 0 7 0 2 0 0 2 5 3 3 3 1 1 2 0 1 1 0 3 0 0 0 0 0 0 0 0 0 0 0 ]
[40] TP: 1   TN: 17   FP: 0   FN: 16      FPR: 0.00   TPR: 0.06   precision: 1.00   recall: 0.00   score: 0.00

test: [ 0 0 0 0 0 0 0 0 0 1 0 0 0 0 0 0 0 0 0 0 0 0 0 0 0 0 0 0 0 0 0 0 0 0 ]
real: [ 4 1 7 2 0 6 0 2 0 0 2 5 2 3 2 1 1 2 0 1 2 0 3 0 0 0 0 0 0 0 0 0 0 0 ]
[41] TP: 0   TN: 16   FP: 1   FN: 17      FPR: 0.06   TPR: 0.00   precision: 0.00   recall: 0.06   score: 0.00

test: [ 1 0 0 0 0 0 0 0 0 0 0 0 0 0 0 0 0 0 0 0 0 0 1 0 0 0 0 0 0 0 0 0 0 0 ]
real: [ 3 1 7 2 0 6 0 2 0 0 1 6 1 3 3 1 0 1 0 1 3 0 2 0 0 0 0 0 0 0 0 0 0 0 ]
[42] TP: 2   TN: 18   FP: 0   FN: 14      FPR: 0.00   TPR: 0.12   precision: 1.00   recall: 0.00   score: 0.00

test: [ 0 0 0 0 0 0 0 0 0 1 0 0 0 0 0 0 0 0 0 0 0 0 0 0 0 0 1 0 0 0 0 0 0 0 ]
real: [ 3 1 6 2 0 5 0 2 0 0 1 6 0 4 4 1 0 1 0 0 4 0 1 0 0 0 0 0 0 0 0 0 0 0 ]
[43] TP: 0   TN: 18   FP: 2   FN: 14      FPR: 0.10   TPR: 0.00   precision: 0.00   recall: 0.10   score: 0.00

test: [ 0 0 0 0 0 0 0 0 0 0 0 0 0 0 0 0 0 0 1 0 0 0 0 0 0 0 0 0 0 0 0 0 0 0 ]
real: [ 3 1 5 2 0 5 0 2 0 0 0 6 0 4 5 1 0 0 0 1 5 0 0 0 0 0 0 0 0 0 0 0 0 0 ]
[44] TP: 0   TN: 21   FP: 1   FN: 12      FPR: 0.05   TPR: 0.00   precision: 0.00   recall: 0.05   score: 0.00

test: [ 0 0 0 0 0 0 0 0 0 0 0 0 0 0 0 0 0 1 0 0 0 0 0 0 0 0 0 0 0 0 0 0 0 0 ]
real: [ 2 0 4 2 0 5 0 2 0 0 0 6 1 3 5 1 0 0 0 2 4 0 0 0 0 1 0 0 0 0 0 0 0 0 ]
[45] TP: 0   TN: 20   FP: 1   FN: 13      FPR: 0.05   TPR: 0.00   precision: 0.00   recall: 0.05   score: 0.00

test: [ 1 0 0 0 0 0 0 0 0 0 0 0 0 0 0 0 0 0 0 0 0 0 0 0 0 0 1 0 0 0 0 0 0 0 ]
real: [ 1 0 4 2 0 5 0 1 0 0 0 6 1 3 4 1 0 0 0 2 4 0 0 0 0 2 0 0 0 0 0 0 0 0 ]
[46] TP: 1   TN: 20   FP: 1   FN: 12      FPR: 0.05   TPR: 0.08   precision: 0.50   recall: 0.05   score: 0.09

test: [ 1 0 0 0 0 0 0 0 1 1 0 1 0 0 0 0 0 0 0 0 0 0 1 0 0 0 0 0 0 0 0 0 0 0 ]
real: [ 1 0 3 3 0 5 0 0 0 0 0 6 1 3 4 0 0 0 0 2 4 0 0 0 0 2 0 0 0 0 0 0 0 0 ]
[47] TP: 2   TN: 20   FP: 3   FN: 9      FPR: 0.13   TPR: 0.18   precision: 0.40   recall: 0.13   score: 0.20

test: [ 0 0 0 0 0 0 0 0 0 0 0 0 0 0 0 0 0 0 0 0 0 0 0 0 0 0 1 0 0 0 0 0 0 0 ]
real: [ 0 0 3 4 0 6 0 0 0 0 0 6 2 3 5 0 0 0 0 2 4 0 0 0 0 2 0 0 0 0 0 0 0 0 ]
[48] TP: 0   TN: 23   FP: 1   FN: 10      FPR: 0.04   TPR: 0.00   precision: 0.00   recall: 0.04   score: 0.00

test: [ 1 0 0 0 0 0 0 0 0 1 0 0 0 0 0 0 0 0 0 0 0 0 1 0 0 0 1 0 0 0 0 0 0 1 ]
real: [ 0 0 3 4 1 6 0 0 0 0 0 6 3 2 5 0 0 0 0 2 4 1 0 0 0 3 1 0 0 0 0 0 0 0 ]
[49] TP: 1   TN: 17   FP: 4   FN: 12      FPR: 0.19   TPR: 0.08   precision: 0.20   recall: 0.19   score: 0.19

test: [ 1 1 0 1 1 1 1 1 1 1 1 1 1 1 1 0 0 1 1 1 1 1 0 0 1 0 1 0 1 0 0 1 0 1 ]
real: [ 1 0 4 4 1 7 0 0 0 0 0 5 4 2 5 0 0 0 0 2 4 2 0 0 0 4 2 0 0 0 0 0 0 0 ]
[50] TP: 12   TN: 8   FP: 12   FN: 2      FPR: 0.60   TPR: 0.86   precision: 0.50   recall: 0.60   score: 0.55

test: [ 0 0 0 0 0 0 0 0 0 0 0 0 0 0 0 0 0 0 0 0 0 0 0 0 0 0 1 0 0 0 0 0 0 0 ]
real: [ 2 0 5 5 2 7 0 0 0 0 0 4 5 2 5 0 0 0 0 1 4 2 0 0 0 5 2 0 0 0 0 0 0 0 ]
[51] TP: 1   TN: 20   FP: 0   FN: 13      FPR: 0.00   TPR: 0.07   precision: 1.00   recall: 0.00   score: 0.00

test: [ 0 0 0 0 0 0 0 0 0 0 0 0 0 0 0 0 0 0 0 0 0 0 0 0 0 0 0 0 0 0 0 0 0 0 ]
real: [ 3 0 6 5 3 7 0 1 0 0 0 3 4 2 4 0 0 0 0 0 4 2 0 0 0 4 2 0 0 0 0 0 0 0 ]
[52] TP: 0   TN: 20   FP: 0   FN: 14      FPR: 0.00   TPR: 0.00   precision: 0.00   recall: 0.00   score: 0.00

test: [ 0 0 0 0 0 0 0 1 0 1 0 0 0 0 0 0 0 0 0 0 0 0 0 0 0 0 0 0 0 0 0 0 0 0 ]
real: [ 3 0 6 5 3 6 0 2 0 0 0 3 4 2 4 0 0 1 1 0 4 2 0 0 0 3 2 0 0 0 0 0 0 0 ]
[53] TP: 1   TN: 17   FP: 1   FN: 15      FPR: 0.06   TPR: 0.06   precision: 0.50   recall: 0.06   score: 0.11

test: [ 0 0 0 0 0 0 0 0 0 1 0 0 0 0 0 0 0 0 0 0 0 1 0 0 0 0 0 0 0 0 0 0 0 0 ]
real: [ 3 0 7 5 4 5 0 2 0 0 0 2 4 2 4 0 0 1 2 0 4 2 0 0 0 3 2 0 0 0 0 0 0 0 ]
[54] TP: 1   TN: 17   FP: 1   FN: 15      FPR: 0.06   TPR: 0.06   precision: 0.50   recall: 0.06   score: 0.11

test: [ 0 0 0 0 0 0 0 0 0 0 0 0 0 0 0 0 0 1 0 0 0 0 1 0 0 0 0 0 0 0 0 0 0 0 ]
real: [ 3 0 7 4 4 5 0 2 0 0 0 1 3 2 3 0 0 1 2 0 3 2 0 0 0 3 2 0 0 0 0 0 0 0 ]
[55] TP: 1   TN: 17   FP: 1   FN: 15      FPR: 0.06   TPR: 0.06   precision: 0.50   recall: 0.06   score: 0.11

test: [ 0 0 0 0 0 0 0 0 0 0 0 0 0 0 0 0 0 0 0 0 0 1 1 0 0 0 0 0 0 0 0 0 0 0 ]
real: [ 3 0 6 4 3 4 0 2 0 0 0 0 2 2 3 0 0 1 2 0 2 1 0 0 0 2 1 0 0 0 0 0 0 0 ]
[56] TP: 1   TN: 18   FP: 1   FN: 14      FPR: 0.05   TPR: 0.07   precision: 0.50   recall: 0.05   score: 0.09

test: [ 1 0 0 0 0 0 0 0 0 0 0 0 0 0 0 0 0 0 0 0 0 0 1 0 0 0 1 0 0 0 0 0 0 0 ]
real: [ 2 0 5 4 3 3 0 2 0 0 0 0 1 1 2 0 0 1 2 0 1 0 0 0 0 1 0 0 0 0 0 0 0 0 ]
[57] TP: 1   TN: 19   FP: 2   FN: 12      FPR: 0.10   TPR: 0.08   precision: 0.33   recall: 0.10   score: 0.15

test: [ 0 0 0 0 0 0 0 0 0 0 0 0 0 0 0 0 0 0 0 0 0 0 0 0 0 0 1 0 0 0 0 0 0 0 ]
real: [ 1 0 4 4 2 3 0 2 0 0 0 0 0 0 1 0 0 1 2 0 0 0 0 0 0 0 0 0 0 0 0 0 0 0 ]
[58] TP: 0   TN: 24   FP: 1   FN: 9      FPR: 0.04   TPR: 0.00   precision: 0.00   recall: 0.04   score: 0.00

test: [ 0 0 0 0 0 0 0 1 0 0 0 0 0 0 0 0 0 0 0 0 0 0 0 0 0 0 0 0 0 0 0 0 0 0 ]
real: [ 0 0 3 4 1 2 0 1 0 0 0 0 0 0 1 0 0 1 2 0 0 0 1 0 0 0 0 0 0 0 0 0 0 0 ]
[59] TP: 1   TN: 25   FP: 0   FN: 8      FPR: 0.00   TPR: 0.11   precision: 1.00   recall: 0.00   score: 0.00

test: [ 1 0 0 0 0 0 0 0 0 0 0 0 0 0 0 0 0 0 0 0 0 0 1 0 0 0 0 0 0 0 0 0 0 0 ]
real: [ 1 0 3 3 1 3 0 1 0 0 0 0 0 0 2 0 0 0 1 0 0 0 1 0 0 0 0 0 0 0 0 0 0 0 ]
[60] TP: 2   TN: 25   FP: 0   FN: 7      FPR: 0.00   TPR: 0.22   precision: 1.00   recall: 0.00   score: 0.00

test: [ 0 0 0 0 0 0 0 0 0 0 0 0 0 0 0 0 0 0 0 0 0 1 1 0 0 0 0 0 0 0 0 0 0 0 ]
real: [ 1 0 3 2 0 4 0 1 0 0 0 0 0 0 2 0 0 0 0 0 0 0 1 0 0 0 0 0 0 0 0 0 0 0 ]
[61] TP: 1   TN: 26   FP: 1   FN: 6      FPR: 0.04   TPR: 0.14   precision: 0.50   recall: 0.04   score: 0.07

test: [ 1 0 0 0 0 0 0 0 0 0 0 0 0 0 0 0 0 0 0 0 0 0 0 0 0 0 0 0 0 0 0 0 0 0 ]
real: [ 2 0 3 2 0 4 0 1 0 0 0 0 0 0 2 0 0 0 0 0 0 0 1 0 0 0 0 0 0 0 0 0 0 0 ]
[62] TP: 1   TN: 27   FP: 0   FN: 6      FPR: 0.00   TPR: 0.14   precision: 1.00   recall: 0.00   score: 0.00

test: [ 0 0 0 0 0 0 0 1 0 0 0 0 0 0 0 0 0 0 0 0 0 1 0 0 0 0 0 0 0 0 0 0 0 0 ]
real: [ 2 0 3 2 0 5 0 1 0 0 0 0 0 0 2 0 0 0 0 0 0 0 1 0 0 0 0 0 0 0 0 0 0 0 ]
[63] TP: 1   TN: 26   FP: 1   FN: 6      FPR: 0.04   TPR: 0.14   precision: 0.50   recall: 0.04   score: 0.07

test: [ 1 0 0 0 0 0 0 0 0 0 0 0 0 0 0 0 0 0 0 0 0 0 1 0 0 0 0 0 0 0 0 0 0 0 ]
real: [ 2 0 3 2 0 6 0 1 0 0 0 0 0 0 3 0 0 0 0 0 0 0 1 0 0 0 0 0 0 0 0 0 0 0 ]
[64] TP: 2   TN: 27   FP: 0   FN: 5      FPR: 0.00   TPR: 0.29   precision: 1.00   recall: 0.00   score: 0.00

test: [ 1 0 0 0 0 0 0 0 0 0 0 0 0 0 0 0 0 0 0 0 0 0 0 0 0 0 0 0 0 0 0 0 0 0 ]
real: [ 3 0 3 1 0 6 0 1 0 0 0 0 0 1 4 0 0 0 0 0 0 0 1 0 0 0 0 0 0 0 0 0 0 0 ]
[65] TP: 1   TN: 26   FP: 0   FN: 7      FPR: 0.00   TPR: 0.12   precision: 1.00   recall: 0.00   score: 0.00

test: [ 0 0 0 0 0 0 0 0 0 0 0 0 0 0 0 0 0 0 0 0 0 0 1 0 0 0 0 0 0 0 0 0 0 0 ]
real: [ 4 0 4 1 0 7 0 1 0 0 0 0 0 2 5 0 0 0 0 0 0 0 0 0 0 0 0 0 0 0 0 0 0 0 ]
[66] TP: 0   TN: 26   FP: 1   FN: 7      FPR: 0.04   TPR: 0.00   precision: 0.00   recall: 0.04   score: 0.00

test: [ 0 0 0 0 0 0 0 0 0 0 0 0 0 0 0 0 0 0 0 0 0 0 1 0 0 0 1 0 0 0 0 0 0 0 ]
real: [ 4 0 4 1 0 7 0 0 0 0 0 0 0 2 5 0 0 0 0 0 0 0 0 0 0 0 0 0 0 0 0 0 0 0 ]
[67] TP: 0   TN: 26   FP: 2   FN: 6      FPR: 0.07   TPR: 0.00   precision: 0.00   recall: 0.07   score: 0.00

test: [ 1 0 0 0 0 0 0 0 0 0 0 0 0 0 0 0 0 0 0 0 0 0 0 0 0 0 0 0 0 0 0 0 0 0 ]
real: [ 4 0 4 2 0 6 0 1 0 0 0 0 0 2 5 0 0 0 0 0 0 0 0 0 0 0 0 0 0 0 0 0 0 0 ]
[68] TP: 1   TN: 27   FP: 0   FN: 6      FPR: 0.00   TPR: 0.14   precision: 1.00   recall: 0.00   score: 0.00

test: [ 1 1 1 1 1 1 1 1 1 1 1 1 1 1 1 1 1 1 1 1 1 1 1 0 1 1 1 0 1 1 1 1 1 1 ]
real: [ 4 0 4 2 0 5 0 1 0 0 0 0 0 2 5 0 0 0 0 0 1 0 0 0 0 0 0 0 0 0 0 0 0 0 ]
[69] TP: 8   TN: 2   FP: 24   FN: 0      FPR: 0.92   TPR: 1.00   precision: 0.25   recall: 0.92   score: 0.39

test: [ 0 0 0 0 0 0 0 0 0 0 0 0 0 0 0 0 0 0 0 0 0 0 0 0 0 0 0 0 0 0 0 0 0 0 ]
real: [ 5 1 5 2 0 4 0 1 0 0 0 0 0 2 4 0 0 0 0 0 1 0 0 0 0 0 0 0 0 0 0 0 0 0 ]
[70] TP: 0   TN: 25   FP: 0   FN: 9      FPR: 0.00   TPR: 0.00   precision: 0.00   recall: 0.00   score: 0.00

test: [ 0 0 0 0 0 0 1 1 0 1 0 0 0 0 0 0 0 1 0 0 0 0 1 0 1 0 1 0 0 1 0 0 0 1 ]
real: [ 6 1 6 3 0 3 0 1 0 0 0 0 0 2 3 0 0 0 0 0 1 0 0 0 0 0 0 0 0 0 0 0 0 0 ]
[71] TP: 1   TN: 17   FP: 8   FN: 8      FPR: 0.32   TPR: 0.11   precision: 0.11   recall: 0.32   score: 0.16

test: [ 0 0 0 0 0 0 0 0 0 1 0 0 0 0 0 0 0 0 0 0 0 0 1 0 0 0 0 0 0 0 0 0 0 0 ]
real: [ 6 1 7 4 0 3 0 1 0 0 0 0 0 1 2 0 0 0 0 0 1 0 0 0 0 0 0 0 1 0 0 0 0 0 ]
[72] TP: 0   TN: 22   FP: 2   FN: 10      FPR: 0.08   TPR: 0.00   precision: 0.00   recall: 0.08   score: 0.00

test: [ 1 0 0 0 0 0 0 0 0 0 0 0 0 0 0 0 0 0 0 0 0 0 0 0 0 0 0 0 0 0 0 0 0 0 ]
real: [ 6 1 7 4 1 3 0 1 0 0 0 0 0 0 1 0 0 0 0 0 1 0 0 0 0 0 0 0 1 0 0 0 0 0 ]
[73] TP: 1   TN: 24   FP: 0   FN: 9      FPR: 0.00   TPR: 0.10   precision: 1.00   recall: 0.00   score: 0.00

test: [ 0 0 0 0 0 0 0 0 0 1 0 0 0 0 0 0 0 0 0 0 0 0 0 0 0 0 0 0 0 0 0 0 1 0 ]
real: [ 5 1 7 5 1 3 0 1 0 0 0 0 0 0 0 0 0 0 0 0 2 0 1 0 0 0 0 0 1 0 0 0 0 0 ]
[74] TP: 0   TN: 22   FP: 2   FN: 10      FPR: 0.08   TPR: 0.00   precision: 0.00   recall: 0.08   score: 0.00

test: [ 0 0 0 0 0 0 0 1 0 0 0 0 0 0 0 0 0 0 0 0 0 0 0 0 0 0 0 0 0 0 0 0 0 0 ]
real: [ 5 1 6 4 1 4 0 0 0 0 0 0 0 0 0 0 0 1 0 0 2 0 1 0 0 0 1 0 1 0 0 0 0 0 ]
[75] TP: 0   TN: 22   FP: 1   FN: 11      FPR: 0.04   TPR: 0.00   precision: 0.00   recall: 0.04   score: 0.00

test: [ 1 0 0 0 0 0 0 0 0 0 0 0 0 0 0 0 0 0 0 0 0 0 0 0 0 0 0 0 0 0 0 0 0 0 ]
real: [ 4 1 5 4 1 5 0 0 0 0 0 0 0 1 0 0 0 1 0 0 2 0 1 0 0 0 1 0 1 0 0 0 0 0 ]
[76] TP: 1   TN: 22   FP: 0   FN: 11      FPR: 0.00   TPR: 0.08   precision: 1.00   recall: 0.00   score: 0.00

test: [ 0 0 0 0 0 0 0 0 0 0 0 0 0 0 0 0 0 0 0 0 0 0 1 0 0 0 1 0 0 0 0 0 0 0 ]
real: [ 3 0 5 4 2 6 0 0 0 0 0 0 0 2 1 0 0 1 0 0 3 1 1 0 0 0 1 0 1 0 0 0 0 0 ]
[77] TP: 2   TN: 21   FP: 0   FN: 11      FPR: 0.00   TPR: 0.15   precision: 1.00   recall: 0.00   score: 0.00

test: [ 0 0 0 0 0 0 0 0 0 1 0 0 0 0 0 0 1 0 0 0 0 0 0 0 0 0 0 0 0 0 0 0 0 0 ]
real: [ 2 0 5 3 2 7 0 0 0 0 0 0 1 2 2 0 0 1 0 0 3 1 1 0 0 0 1 0 1 0 0 0 0 0 ]
[78] TP: 0   TN: 18   FP: 2   FN: 14      FPR: 0.10   TPR: 0.00   precision: 0.00   recall: 0.10   score: 0.00

test: [ 1 0 0 0 0 0 0 0 0 0 0 0 0 0 0 0 0 0 0 0 0 0 1 0 0 0 0 0 0 0 0 0 0 0 ]
real: [ 1 0 4 2 2 7 0 0 0 0 0 0 1 2 2 0 0 1 0 0 3 1 1 0 0 0 1 0 0 0 0 0 0 0 ]
[79] TP: 2   TN: 21   FP: 0   FN: 11      FPR: 0.00   TPR: 0.15   precision: 1.00   recall: 0.00   score: 0.00

test: [ 0 0 0 0 0 0 0 0 0 0 0 0 0 0 0 0 0 0 0 0 0 1 1 0 0 0 0 0 0 0 0 0 0 0 ]
real: [ 1 0 4 1 1 7 0 0 0 0 0 0 1 2 3 0 0 1 0 0 3 1 1 0 0 0 1 0 0 0 0 0 0 0 ]
[80] TP: 2   TN: 21   FP: 0   FN: 11      FPR: 0.00   TPR: 0.15   precision: 1.00   recall: 0.00   score: 0.00

test: [ 0 0 0 0 0 0 0 0 0 1 0 0 0 0 0 0 0 0 0 0 0 0 0 0 0 1 0 0 0 0 0 0 0 0 ]
real: [ 1 0 3 0 1 7 0 0 0 0 0 0 1 2 3 0 0 1 0 0 2 1 0 0 0 0 1 0 0 0 0 0 0 0 ]
[81] TP: 0   TN: 21   FP: 2   FN: 11      FPR: 0.09   TPR: 0.00   precision: 0.00   recall: 0.09   score: 0.00

test: [ 1 0 0 0 0 0 0 0 0 0 0 0 0 0 0 0 0 0 0 0 0 0 1 0 0 0 0 0 1 0 0 0 0 0 ]
real: [ 1 0 4 0 1 7 0 0 0 0 0 0 1 2 3 0 0 0 0 0 2 1 0 0 0 0 1 0 0 0 0 0 0 0 ]
[82] TP: 1   TN: 22   FP: 2   FN: 9      FPR: 0.08   TPR: 0.10   precision: 0.33   recall: 0.08   score: 0.13

test: [ 0 0 0 0 0 0 0 0 0 0 0 0 0 0 0 0 0 1 0 0 0 0 0 0 0 0 0 0 0 0 0 0 0 0 ]
real: [ 2 0 5 0 1 7 0 0 0 0 0 0 1 1 4 0 1 0 0 0 1 1 1 0 0 0 1 0 0 0 0 0 0 0 ]
[83] TP: 0   TN: 21   FP: 1   FN: 12      FPR: 0.05   TPR: 0.00   precision: 0.00   recall: 0.05   score: 0.00

test: [ 0 0 0 0 0 0 0 0 0 1 0 0 0 0 0 0 0 0 0 0 0 0 0 0 0 0 0 0 0 0 0 0 0 0 ]
real: [ 3 0 5 0 0 7 0 0 0 0 0 0 1 0 4 0 1 0 0 0 0 0 1 0 0 0 1 0 0 0 0 0 0 0 ]
[84] TP: 0   TN: 25   FP: 1   FN: 8      FPR: 0.04   TPR: 0.00   precision: 0.00   recall: 0.04   score: 0.00

test: [ 0 0 0 0 0 0 0 1 0 0 0 0 0 0 0 0 0 0 0 0 0 0 1 0 0 0 0 0 0 0 0 0 0 0 ]
real: [ 3 0 5 0 0 6 0 1 0 0 0 0 0 0 3 0 1 0 0 0 0 0 1 0 0 0 1 0 0 0 0 0 0 0 ]
[85] TP: 2   TN: 26   FP: 0   FN: 6      FPR: 0.00   TPR: 0.25   precision: 1.00   recall: 0.00   score: 0.00

test: [ 1 0 0 0 0 0 0 0 0 0 0 0 0 0 0 0 0 0 0 0 0 0 0 0 0 0 0 0 0 0 0 0 0 0 ]
real: [ 3 0 5 0 0 5 0 1 0 1 0 0 0 0 3 0 1 0 0 0 0 0 1 0 0 0 1 0 0 0 0 0 0 0 ]
[86] TP: 1   TN: 25   FP: 0   FN: 8      FPR: 0.00   TPR: 0.11   precision: 1.00   recall: 0.00   score: 0.00

test: [ 0 0 0 0 0 0 0 0 0 0 0 0 0 0 0 0 0 1 0 0 0 0 1 0 0 0 0 0 0 0 0 0 0 0 ]
real: [ 2 0 4 0 0 4 0 1 0 1 0 0 0 0 2 0 1 0 0 0 1 0 1 0 0 0 1 0 0 0 0 0 0 0 ]
[87] TP: 1   TN: 23   FP: 1   FN: 9      FPR: 0.04   TPR: 0.10   precision: 0.50   recall: 0.04   score: 0.07

test: [ 0 0 0 0 0 0 0 1 0 0 0 0 0 0 0 0 0 0 0 0 0 0 1 0 0 0 0 0 0 0 0 0 0 0 ]
real: [ 2 0 4 0 0 4 0 1 0 1 0 0 0 0 3 0 1 0 0 0 1 0 1 0 0 0 2 0 0 0 0 0 0 0 ]
[88] TP: 2   TN: 24   FP: 0   FN: 8      FPR: 0.00   TPR: 0.20   precision: 1.00   recall: 0.00   score: 0.00

test: [ 1 0 0 0 0 0 0 0 1 1 0 0 0 0 0 0 0 0 0 0 0 0 1 0 0 0 0 0 0 0 0 0 0 0 ]
real: [ 2 0 3 0 0 3 0 1 0 1 0 0 0 0 4 0 1 0 1 0 1 0 1 0 0 0 2 0 0 0 0 0 0 0 ]
[89] TP: 3   TN: 22   FP: 1   FN: 8      FPR: 0.04   TPR: 0.27   precision: 0.75   recall: 0.04   score: 0.08

test: [ 1 0 0 0 0 1 1 1 1 1 0 0 0 0 0 0 1 0 0 0 0 0 1 0 0 0 0 1 0 0 0 0 0 1 ]
real: [ 1 0 2 0 0 3 0 1 0 2 0 0 0 0 3 0 0 0 1 0 1 0 0 0 0 0 3 0 0 0 0 0 0 0 ]
[90] TP: 4   TN: 19   FP: 6   FN: 5      FPR: 0.24   TPR: 0.44   precision: 0.40   recall: 0.24   score: 0.30

test: [ 1 0 0 0 0 1 1 1 1 1 0 0 0 0 0 0 0 0 0 0 0 0 1 0 0 0 0 0 0 0 0 0 0 1 ]
real: [ 0 0 1 1 0 2 0 1 1 3 0 0 0 0 2 0 0 0 1 0 1 0 0 0 0 0 3 0 0 0 0 0 0 0 ]
[91] TP: 4   TN: 20   FP: 4   FN: 6      FPR: 0.17   TPR: 0.40   precision: 0.50   recall: 0.17   score: 0.25

