title: FPR vs Lag Time(Detection)
x_lable: False Positive Rate(From 0-1 FP Per-day)
y_lable: Lag Time(Detection)
GASDM: 
0.002554278416347382 5.846153846153846
0.005534269902085994 5.84
0.008301404853128991 5.735294117647059
0.010855683269476373 5.638297872340425
0.013835674755214985 5.545454545454546
0.016389953171562367 5.426470588235294
0.018731375053214133 5.315789473684211
0.021711366538952746 5.219512195121951
0.025117071094082587 5.1022727272727275
0.027884206045125585 4.861386138613861
0.03384418901660281 4.79047619047619
0.03639846743295019 4.693693693693693
0.037675606641123884 4.416666666666667
0.04129416773094934 4.357664233576642
0.043635589612601104 4.206666666666667
0.04661558109833972 4.15483870967742
0.04938271604938271 4.067484662576687
0.05427841634738186 4.036144578313253
0.06023839931885909 4.011904761904762
0.06364410387398893 4.0
0.06683695189442315 3.9651162790697674
0.06811409110259685 3.7244897959183674
0.07088122605363985 3.665024630541872
0.07492550021285653 3.6018957345971563
0.07747977862920391 3.5135135135135136
0.07939548744146445 3.3949579831932772
0.08237547892720307 3.3469387755102042
0.08620689655172414 3.312
0.08876117496807152 3.232824427480916
0.09237973605789698 3.206766917293233
0.09493401447424436 3.1214285714285714
0.09855257556406982 3.06551724137931
0.10344827586206896 3.0372881355932204
0.1068539804171988 2.986842105263158
0.11153682418050234 2.9642857142857144
0.11749680715197956 2.9423076923076925
0.1206896551724138 2.920886075949367
0.1236696466581524 2.8909657320872273
0.1279267773520647 2.856269113149847
0.1306939123031077 2.801186943620178
0.13303533418475946 2.7905604719764012
0.13665389527458494 2.7852941176470587
0.14027245636441038 2.76453488372093
0.14601958280119198 2.754335260115607
0.14985100042571306 2.7195467422096318
0.15495955725840782 2.7098591549295774
0.1583652618135377 2.700280112044818
0.16219667943805874 2.695530726256983
0.16645381013197105 2.6814404432132966
0.17220093656875265 2.6675824175824174
0.1753937845891869 2.663013698630137
0.17794806300553426 2.6143617021276597
0.18220519369944657 2.5973684210526318
0.18646232439335889 2.593175853018373
0.1924223073648361 2.5807291666666665
0.19753086419753085 2.5725388601036268
0.20136228182205193 2.5604113110539846
0.2062579821200511 2.548469387755102
0.2092379736057897 2.544529262086514
0.21328224776500637 2.5213032581453634
0.219029374201788 2.5175
0.22137079608343976 2.478048780487805
0.224563644103874 2.4404761904761907
0.2277564921243082 2.411214953271028
0.23073648361004684 2.389400921658986
0.2330779054916986 2.3712984054669706
0.2345679012345679 2.3056768558951966
0.23648361004682844 2.2478991596638656
0.2390378884631758 2.2110655737704916
0.24350787569178373 2.1875
0.24670072371221796 2.1646825396825395
0.2503192848020434 2.1535433070866143
0.2552149851000426 2.142578125
0.2611749680715198 2.131782945736434
0.2624521072796935 2.1045627376425857
0.2652192422307365 2.09640831758034
0.26926351638995316 2.088345864661654
0.2735206470838655 2.080373831775701
0.2769263516389953 2.0646950092421443
0.28033205619412516 2.049360146252285
0.2822477650063857 2.028828828828829
0.28607918263090676 2.0160714285714287
0.2896977437207322 1.9912280701754386
0.2939548744146445 1.9791304347826086
0.2988505747126437 1.9689119170984455
0.30289484887186036 1.963855421686747
0.3060876968922946 1.9588336192109777
0.3109833971902937 1.948892674616695
0.31417624521072796 1.9439728353140917
0.31843337590464027 1.9390862944162437
0.322477650063857 1.9214046822742474
0.32481907194550874 1.8932676518883416
0.3269476372924649 1.8856209150326797
0.32928905917411666 1.8705501618122977
0.333546189868029 1.8528
0.33588761174968074 1.8238993710691824
0.34078331204767986 1.808411214953271
0.3431247339293316 1.7932098765432098
0.3444018731375053 1.7701674277016743
0.345679012345679 1.7477477477477477
0.34908471690080883 1.7259259259259259
0.353980417198808 1.7157584683357878
0.35823754789272033 1.7007299270072993
0.3610046828437633 1.6786743515850144
0.3652618135376756 1.669054441260745
0.3680289484887186 1.6454802259887005
0.3710089399744572 1.6316526610644257
0.37505321413367393 1.6158113730929264
0.3786717752234994 1.6046831955922864
0.3829289059174117 1.5915300546448088
0.38654746700723713 1.5871934604904632
0.3888888888888889 1.5850340136054422
0.39399744572158363 1.5828804347826086
0.39527458492975737 1.555407209612817
0.39825457641549594 1.541005291005291
0.4012345679012346 1.522875816993464
0.40357598978288634 1.5071151358344115
0.4054916985951469 1.4955070603337612
0.410387398893146 1.489769820971867
0.41421881651766707 1.4821882951653944
0.41932737335036185 1.4728192161820481
0.4216687952320136 1.470959595959596
0.42486164325244785 1.4691046658259772
0.4282673478075777 1.4617314930991216
0.43188590889740314 1.45625
0.4355044699872286 1.4382716049382716
0.4391230310770541 1.4329643296432963
0.44295444870157513 1.4259485924112607
0.44721157939548745 1.4224664224664225
0.4521072796934866 1.4155528554070473
0.45700297999148576 1.4138349514563107
0.4621115368241805 1.412121212121212
0.4676458067262665 1.4087061668681984
0.4733929331630481 1.4036144578313252
0.4776500638569604 1.3885578069129916
0.48020434227330777 1.3754427390791026
0.48382290336313327 1.3673708920187793
0.48701575138356745 1.3530778164924506
0.49106002554278416 1.3483796296296295
0.4953171562366965 1.3437139561707037
0.49787143465304384 1.326879271070615
0.501702852277565 1.319365798414496
0.5065985525755641 1.3163841807909604
0.5114942528735632 1.3134160090191658
0.5168156662409535 1.3104611923509561
0.5227756492124308 1.3075196408529741
0.5242656449553001 1.288716814159292
0.5276713495104299 1.2816281628162816
0.5295870583226905 1.2774122807017543
0.533205619412516 1.273224043715847
0.535972754363559 1.2594594594594595
0.5400170285227757 1.251342642320086
0.5421455938697318 1.2406815761448349
0.5440613026819924 1.2276080084299263
0.5464027245636441 1.2224554039874083
0.5483184333759047 1.2060041407867494
0.5508727117922521 1.1924257932446265
0.5534269902085994 1.1887755102040816
0.5561941251596424 1.1791497975708503
0.5587484035759898 1.1661661661661662
0.5615155385270327 1.1603585657370519
0.5644955300127714 1.158051689860835
0.56747552149851 1.1557539682539681
0.5704555129842486 1.152324431256182
0.5727969348659003 1.1477832512315271
0.5751383567475522 1.1466535433070866
0.5781183482332908 1.1432777232580962
0.581311196253725 1.1376953125
0.5840783312047679 1.128875968992248
0.5872711792252022 1.1169702780441035
0.5900383141762452 1.1084681255946718
0.5932311621966795 1.1000944287063268
0.5966368667518093 1.0980207351555136
0.5981268624946786 1.083720930232558
0.6015325670498084 1.076709796672828
0.6051511281396339 1.0697887970615243
0.6087696892294594 1.0600545950864422
0.6123882503192848 1.0581289736603088
0.6160068114091103 1.052393857271906
0.6196253724989357 1.0514440433212997
0.6232439335887612 1.0504959422903517
0.6268624946785867 1.0495495495495495
0.6302681992337165 1.0467205750224617
0.6334610472541508 1.0439068100358424
0.6370796083439761 1.0401785714285714
0.6409110259684972 1.03739982190561
0.6447424435930184 1.0346358792184724
0.6485738612175393 1.033717834960071
0.6519795657726692 1.0300618921308577
0.6555981268624946 1.027336860670194
0.6587909748829289 1.0246262093227791
0.6628352490421456 1.0192475940507437
0.6668795232013622 1.015693112467306
0.6709237973605789 1.01040763226366
0.6749680715197957 1.0077854671280277
0.6790123456790124 1.0034453057708872
0.6828437633035335 1.0008591065292096
0.6868880374627501 0.9931798806479113
0.6911451681566624 0.9914893617021276
0.6954022988505747 0.9889643463497453
0.699659429544487 0.9881255301102629
0.7037037037037037 0.9856175972927242
0.707960834397616 0.9831223628691983
0.7122179650915283 0.9814658803706824
0.7164750957854407 0.9806397306397306
0.7211579395487442 0.97571189279732
0.7260536398467433 0.9740802675585284
0.7309493401447424 0.9692179700499168
0.7358450404427416 0.9684123025768911
0.7407407407407407 0.9660033167495854
0.7456364410387399 0.9628099173553719
0.7505321413367391 0.9572719802793755
0.7554278416347382 0.955701394585726
0.7586206896551724 0.9549180327868853
0.7637292464878672 0.953355155482815
0.768837803320562 0.951797385620915
0.7739463601532567 0.9494702526487367
0.7792677735206471 0.9471544715447154
0.7845891868880375 0.9463850528025995
0.7899106002554278 0.9448499594484996
0.7956577266922095 0.9440842787682334
0.8009791400595998 0.9433198380566802
0.8058748403575989 0.9425566343042071
0.8103448275862069 0.9417946645109135
0.8139633886760324 0.9402744148506861
0.8167305236270753 0.9402744148506861
0.8199233716475096 0.9402744148506861
0.823541932737335 0.9402744148506861
0.8273733503618561 0.9402744148506861
0.8299276287782035 0.9402744148506861
0.8352490421455939 0.9402744148506861
0.8407833120476799 0.9402744148506861
0.8465304384844615 0.9402744148506861
0.8522775649212431 0.9402744148506861
0.8580246913580247 0.9402744148506861
0.8639846743295019 0.9402744148506861
0.8699446573009791 0.9402744148506861
0.8759046402724564 0.9402744148506861
0.8818646232439336 0.9402744148506861
0.8878246062154108 0.9402744148506861
0.8935717326521925 0.9402744148506861
0.8988931460195828 0.9402744148506861
0.9037888463175819 0.9402744148506861
0.9095359727543636 0.9402744148506861
0.9152830991911451 0.9402744148506861
0.9208173690932312 0.9402744148506861
0.9259259259259259 0.9402744148506861
0.9295444870157514 0.9402744148506861
0.9331630481055768 0.9402744148506861
0.9369944657300979 0.9402744148506861
0.9412515964240102 0.9402744148506861
0.9461472967220094 0.9402744148506861
0.9514687100893997 0.9402744148506861
0.9567901234567902 0.9402744148506861
0.9625372498935717 0.9402744148506861
0.9680715197956578 0.9402744148506861
0.9729672200936569 0.9402744148506861
0.977862920391656 0.9402744148506861
0.9827586206896551 0.9402744148506861
0.9882928905917412 0.9402744148506861
0.9938271604938271 0.9402744148506861
1.0 0.9402744148506861
NPHGS: 
0.004469987228607918 7.0
0.008727117922520221 7.0
0.012345679012345678 7.0
0.015964240102171137 7.0
0.02022137079608344 7.0
0.023414218816517667 7.0
0.027032779906343125 7.0
0.031928480204342274 7.0
0.03426990208599404 7.0
0.038527032779906344 6.944444444444445
0.042784163473818644 6.761904761904762
0.04704129416773095 6.481481481481482
0.05129842486164325 6.235294117647059
0.05491698595146871 6.102564102564102
0.05832269050659855 6.023809523809524
0.06236696466581524 5.955555555555556
0.06598552575564069 5.895833333333333
0.06917837377607493 5.86
0.07279693486590039 5.7
0.0772669220945083 5.588235294117647
0.08131119625372499 5.541666666666667
0.08535547041294168 5.4743589743589745
0.08961260110685398 5.444444444444445
0.09301830566198382 5.390804597701149
0.09642401021711366 5.370786516853933
0.10004257130693912 5.351648351648351
0.10344827586206896 5.26
0.10770540655598126 5.174311926605505
0.11196253724989357 5.131578947368421
0.11494252873563218 5.121739130434783
0.11856108982545764 5.084033613445378
0.12196679438058748 5.066115702479339
0.12622392507449978 5.048780487804878
0.12984248616432525 5.023809523809524
0.1334610472541507 5.0
0.13835674755214986 4.969924812030075
0.14218816517667093 4.962686567164179
0.1445295870583227 4.948529411764706
0.14793529161345254 4.901408450704225
0.15197956577266922 4.863945578231292
0.1532567049808429 4.794871794871795
0.1573009791400596 4.7784810126582276
0.1615581098339719 4.746913580246914
0.16517667092379737 4.716867469879518
0.16751809280544913 4.6686046511627906
0.17092379736057897 4.614525139664805
0.1751809280544913 4.5675675675675675
0.17858663260962113 4.559139784946237
0.18135376756066413 4.479591836734694
0.18433375904640273 4.457286432160804
0.1883780332056194 4.414634146341464
0.19327373350361857 4.394230769230769
0.19731800766283525 4.374407582938389
0.19923371647509577 4.336405529953917
0.20434227330779056 4.324200913242009
0.20732226479352917 4.3122171945701355
0.2105151128139634 4.306306306306307
0.21434653043848445 4.283185840707965
0.2175393784589187 4.277533039647577
0.22073222647935292 4.260869565217392
0.2220093656875266 4.2092050209205025
0.22626649638143892 4.1755102040816325
0.2275436355896126 4.104651162790698
0.23009791400595997 4.06390977443609
0.23435504469987228 4.048327137546468
0.23946360153256704 4.033088235294118
0.24074074074074073 3.931740614334471
0.2443593018305662 3.922033898305085
0.24840357598978288 3.875
0.2511707109408259 3.8599348534201954
0.2554278416347382 3.8451612903225807
0.25862068965517243 3.791277258566978
0.2609621115368242 3.772307692307692
0.2658578118348233 3.7537993920972643
0.2681992337164751 3.725373134328358
0.27309493401447427 3.71513353115727
0.2784163473818646 3.7050147492625367
0.2820349084716901 3.685131195335277
0.28565346956151555 3.660919540229885
0.2877820349084717 3.646723646723647
0.29118773946360155 3.6235955056179776
0.2939548744146445 3.587912087912088
0.29672200936568754 3.5663956639566394
0.2997020008514261 3.541333333333333
0.30310770540655596 3.525065963060686
0.30672626649638146 3.5210526315789474
0.3105576841209025 3.5091383812010446
0.31375053214133675 3.4974093264248705
0.31800766283524906 3.4935400516795867
0.3220519369944657 3.482051282051282
0.3271604938271605 3.4782608695652173
0.3286504895700298 3.4073170731707316
0.33120476798637716 3.3681710213776723
0.33524904214559387 3.3434579439252334
0.3384418901660281 3.325635103926097
0.3399318859088974 3.277404921700224
0.3448275862068966 3.2638580931263856
0.3497232865048957 3.2505494505494505
0.35291613452532994 3.237472766884532
0.3541932737335036 3.1614906832298137
0.35759897828863346 3.1341463414634148
0.3624946785866326 3.1164658634538154
0.36483610046828435 3.0844793713163066
0.36994465730097914 3.0700389105058368
0.3718603661132397 3.0169172932330826
0.37611749680715195 3.0112359550561796
0.3790974882928906 2.9944444444444445
0.38165176670923795 2.9637023593466423
0.3829289059174117 2.935828877005348
0.3848446147296722 2.9006968641114983
0.38718603661132395 2.879725085910653
0.389953171562367 2.8513513513513513
0.39250744997871434 2.8178807947019866
0.39655172413793105 2.7986906710310966
0.3986802894848872 2.777059773828756
0.4018731375053214 2.7559808612440193
0.4054916985951469 2.729984301412873
0.4112388250319285 2.727272727272727
0.4165602383993189 2.721875
0.4223073648361005 2.716510903426791
0.42528735632183906 2.7085271317829456
0.4282673478075777 2.685015290519878
0.4342273307790549 2.6798780487804876
0.438058748403576 2.6773211567732114
0.4395487441464453 2.644776119402985
0.44338016177096634 2.635014836795252
0.44572158365261816 2.6325925925925926
0.45168156662409537 2.6229749631811488
0.45700297999148576 2.6205882352941177
0.4621115368241805 2.6158357771260996
0.4648786717752235 2.597101449275362
0.46871008939974457 2.59018759018759
0.4716900808854832 2.5742857142857143
0.4765857811834823 2.5675675675675675
0.48041719880800343 2.556497175141243
0.48531289910600256 2.554301833568406
0.48808003405704553 2.5355648535564854
0.4899957428693061 2.5116918844566714
0.49361430395913153 2.5020519835841313
0.49765857811834824 2.4871099050203527
0.5012771392081737 2.47972972972973
0.5070242656449553 2.4724091520861373
0.5106428267347808 2.457943925233645
0.513835674755215 2.4507978723404253
0.5166028097062579 2.4296977660972403
0.5214985100042572 2.4177545691906004
0.5240527884206045 2.391248391248391
0.5274584929757343 2.376756066411239
0.5308641975308642 2.3672172808132146
0.5340570455512984 2.348427672955975
0.5389527458492975 2.343789209535759
0.5436355896126011 2.3300124533001245
0.5459770114942529 2.3119605425400738
0.5495955725840783 2.295843520782396
0.5544912728820774 2.28
0.5583226905065986 2.2686746987951807
0.5623669646658153 2.2505966587112174
0.566411238825032 2.243757431629013
0.5717326521924223 2.2369668246445498
0.5749255002128565 2.216881594372802
0.577479778629204 2.2037252619324796
0.5823754789272031 2.1972157772621808
0.5862068965517241 2.1818181818181817
0.5885483184333758 2.1579545454545452
0.5921668795232014 2.135955056179775
0.5949340144742443 2.1144444444444446
0.5968497232865049 2.0807860262008733
0.6008939974457216 2.0683297180043385
0.6057896977437207 2.0560344827586206
0.6081311196253725 2.0297555791710944
0.6111111111111112 2.0158227848101267
0.6136653895274585 1.9916666666666667
0.6164325244785015 1.9660842754367933
0.6189868028948489 1.939209726443769
0.6249467858663261 1.9313824419778003
0.6309067688378033 1.9274924471299093
0.6360153256704981 1.9236180904522613
0.6402724563644104 1.9197592778335004
0.6451681566624096 1.9178356713426854
0.6475095785440613 1.9159159159159158
0.6524052788420605 1.9120879120879122
0.6547467007237122 1.8931750741839763
0.6579395487441464 1.8783120706575074
0.6621966794380587 1.8709677419354838
0.6641123882503193 1.8564500484966053
0.667092379736058 1.8474903474903475
0.6694338016177097 1.8386167146974064
0.6724137931034483 1.835091083413231
0.6760323541932738 1.8176638176638176
0.6785866326096212 1.7954971857410882
0.6811409110259685 1.7738646895273402
0.6843337590464027 1.7705827937095282
0.69029374201788 1.7640552995391705
0.6941251596424011 1.7591911764705883
0.6990208599404002 1.7559633027522936
0.7028522775649212 1.7511436413540713
0.707960834397616 1.747945205479452
0.7115793954874414 1.7463503649635037
0.7173265219242231 1.7447584320875114
0.722860791826309 1.7415832575068244
0.7256279267773521 1.7289972899728998
0.7281822051936995 1.7089285714285714
0.7330779054916986 1.7028469750889679
0.7390378884631759 1.6983141082519964
0.74223073648361 1.683377308707124
0.7469135802469136 1.677475898334794
0.7518092805449127 1.6716157205240174
0.7541507024265645 1.6657963446475197
0.7567049808429118 1.65
0.7609621115368241 1.645743766122098
0.7647935291613452 1.6386986301369864
0.7677735206470838 1.6220338983050848
0.7707535121328225 1.6138279932546373
0.7737335036185611 1.6030150753768844
0.776500638569604 1.5910224438902743
0.7790549169859514 1.5766062602965403
0.7839506172839507 1.5753086419753086
0.786504895700298 1.5714285714285714
0.7916134525329928 1.5701394585726005
0.7969348659003831 1.5688524590163935
0.8026819923371648 1.5650040883074408
0.8063005534269903 1.5637254901960784
0.8090676883780332 1.5548334687246141
0.8120476798637718 1.5485436893203883
0.8139633886760324 1.5447941888619854
0.8171562366964665 1.5447941888619854
0.820774797786292 1.5447941888619854
0.8233290762026394 1.5447941888619854
0.8286504895700298 1.5447941888619854
0.834610472541507 1.5447941888619854
0.8403575989782887 1.5447941888619854
0.8463175819497658 1.5447941888619854
0.8520647083865475 1.5447941888619854
0.8582375478927203 1.5447941888619854
0.8641975308641975 1.5447941888619854
0.8701575138356747 1.5447941888619854
0.8759046402724564 1.5447941888619854
0.8818646232439336 1.5447941888619854
0.8876117496807152 1.5447941888619854
0.8903788846317582 1.5447941888619854
0.8959131545338442 1.5447941888619854
0.9012345679012346 1.5447941888619854
0.9069816943380162 1.5447941888619854
0.9108131119625372 1.5447941888619854
0.9157088122605364 1.5447941888619854
0.9193273733503619 1.5447941888619854
0.9229459344401874 1.5447941888619854
0.9267773520647083 1.5447941888619854
0.9310344827586207 1.5447941888619854
0.9359301830566198 1.5447941888619854
0.9412515964240102 1.5447941888619854
0.9465730097914006 1.5447941888619854
0.9523201362281822 1.5447941888619854
0.9578544061302682 1.5447941888619854
0.9627501064282673 1.5447941888619854
0.9676458067262665 1.5447941888619854
0.9725415070242657 1.5447941888619854
0.9776500638569604 1.5447941888619854
0.9831843337590465 1.5447941888619854
0.9887186036611324 1.5447941888619854
0.9942528735632183 1.5447941888619854
1.0 1.5447941888619854
EventTree: 
0.004469987228607918 7.0
0.008088548318433376 7.0
0.012345679012345678 7.0
0.016602809706257982 7.0
0.020859940400170286 6.833333333333333
0.02447850148999574 6.2727272727272725
0.02767134951042997 6.166666666666667
0.032567049808429116 5.933333333333334
0.036611323967645805 5.555555555555555
0.04086845466155811 5.0
0.044912728820774794 4.793103448275862
0.04831843337590464 4.709677419354839
0.05236270753512133 4.636363636363637
0.05598126862494678 4.571428571428571
0.06130268199233716 4.513513513513513
0.06555981268624947 4.461538461538462
0.06832694763729247 4.380952380952381
0.070242656449553 4.311111111111111
0.07151979565772669 4.12962962962963
0.07577692635163899 4.016666666666667
0.07918263090676884 4.0
0.08322690506598553 3.91044776119403
0.08663260962111537 3.8714285714285714
0.09195402298850575 3.8472222222222223
0.09514687100893997 3.835616438356164
0.09940400170285228 3.769230769230769
0.10366113239676458 3.728395061728395
0.10855683269476372 3.6904761904761907
0.11217539378458918 3.5638297872340425
0.1166453810131971 3.480392156862745
0.1209025117071094 3.447619047619048
0.1251596424010217 3.3596491228070176
0.13005534269902086 3.3333333333333335
0.13133248190719454 3.261904761904762
0.13558961260110686 3.24031007751938
0.13814389101745422 3.164285714285714
0.14303959131545338 3.138888888888889
0.14580672626649638 3.0784313725490198
0.14942528735632185 3.0443037974683542
0.1517667092379736 3.0377358490566038
0.15538527032779906 3.0122699386503067
0.1587909748829289 3.0
0.16113239676458066 2.9375
0.16240953597275437 2.825
0.16560238399318858 2.8168316831683167
0.16751809280544913 2.793269230769231
0.17049808429118773 2.7857142857142856
0.1743295019157088 2.7819905213270144
0.17667092379736057 2.7783018867924527
0.18241805023414218 2.7674418604651163
0.18646232439335889 2.732142857142857
0.19135802469135801 2.705627705627706
0.1951894423158791 2.6864406779661016
0.20008514261387825 2.6708333333333334
0.20306513409961685 2.6437246963562755
0.20604512558535548 2.632
0.20966368667518093 2.6205533596837944
0.2137079608343976 2.60077519379845
0.21498510004257132 2.5197132616487457
0.21690080885483184 2.491289198606272
0.21945508727117924 2.448160535117057
0.22307364836100468 2.414239482200647
0.22562792677735208 2.378125
0.22903363133248192 2.349544072948328
0.23222647935291613 2.3403614457831323
0.23712217965091528 2.3224852071005917
0.23839931885908897 2.284900284900285
0.24265644955300128 2.2732394366197184
0.24499787143465304 2.2618384401114207
0.24648786717752236 2.222520107238606
0.2513835674755215 2.2058047493403694
0.2543635589612601 2.18961038961039
0.2571306939123031 2.162025316455696
0.25840783312047677 2.1358024691358026
0.2613878246062154 2.1330049261083746
0.267134951042997 2.13022113022113
0.26947637292464877 2.127450980392157
0.27437207322264795 2.1219512195121952
0.27628778203490845 2.0874704491725766
0.28033205619412516 2.07981220657277
0.2835249042145594 2.0599078341013826
0.28629203916560236 2.0478359908883825
0.2903363133248191 2.033707865168539
0.2935291613452533 2.0267857142857144
0.29863771817794804 2.022222222222222
0.3005534269902086 1.9807692307692308
0.30310770540655596 1.950207468879668
0.3060876968922946 1.9251012145748987
0.30949340144742443 1.9065606361829026
0.3120476798637718 1.8904109589041096
0.31438910174542356 1.8781431334622825
0.316943380161771 1.856060606060606
0.3203490847169008 1.8461538461538463
0.3241805023414219 1.8364312267657992
0.32567049808429116 1.800718132854578
0.3284376330353342 1.7858407079646017
0.331843337590464 1.7785588752196837
0.33503618561089826 1.7642980935875217
0.33780332056194123 1.7504273504273504
0.34099616858237547 1.7436332767402376
0.3446147296722009 1.7369308600337268
0.3469561515538527 1.7197346600331676
0.348446147296722 1.698051948051948
0.35270327799063433 1.6881028938906752
0.3548318433375905 1.6832
0.3599404001702852 1.678343949044586
0.3637718177948063 1.6735340729001584
0.3669646658152405 1.6687697160883281
0.3707960834397616 1.664050235478807
0.37441464452958706 1.659375
0.3778203490847169 1.6476043276661514
0.3818646232439336 1.636085626911315
0.38420604512558537 1.6180451127819548
0.3884631758194977 1.6146926536731634
0.3933588761174968 1.6113602391629298
0.39697743720732226 1.6080476900149032
0.4005959982971477 1.6047548291233285
0.40400170285227754 1.5982274741506648
0.40762026394210304 1.588579795021962
0.4106002554278416 1.5854014598540147
0.41421881651766707 1.579100145137881
0.4167730949340145 1.5614285714285714
0.418688803746275 1.5450704225352112
0.421455938697318 1.5291666666666666
0.42358450404427417 1.5164835164835164
0.4267773520647084 1.4993234100135318
0.42933163048105577 1.4826666666666666
0.4335887611749681 1.4735449735449735
0.43763303533418474 1.469038208168643
0.44338016177096634 1.4645669291338583
0.44593444018731376 1.4557291666666667
0.449127288207748 1.4427284427284428
0.45295870583226905 1.4384615384615385
0.4553001277139208 1.4300254452926209
0.45806726266496384 1.419924337957125
0.46296296296296297 1.4140526976160601
0.4678586632609621 1.408239700374532
0.47020008514261386 1.396786155747837
0.47424435930183056 1.3855569155446756
0.48020434227330777 1.3800243605359317
0.4829714772243508 1.3691194209891435
0.48616432524478503 1.3621103117505995
0.4897828863346105 1.3483412322274881
0.4934014474244359 1.3415783274440518
0.49829714772243505 1.334894613583138
0.5023414218816518 1.3267441860465117
0.5057471264367817 1.3187066974595842
0.5104299702000852 1.3107798165137614
0.5140485312899106 1.3014789533560864
0.5170285227756493 1.2923250564334086
0.5208599404001703 1.2833146696528555
0.5240527884206045 1.2730299667036626
0.5270327799063431 1.2615384615384615
0.5306513409961686 1.248913043478261
0.533205619412516 1.2339055793991416
0.5355470412941677 1.217989417989418
0.5374627501064283 1.1987513007284079
0.5434227330779055 1.193782383419689
0.5493827160493827 1.1913133402275078
0.5534269902085994 1.1827515400410678
0.559174116645381 1.180327868852459
0.5627926777352065 1.1755102040816328
0.565772669220945 1.165991902834008
0.5706683695189443 1.1648129423660263
0.5747126436781609 1.157788944723618
0.5783312047679864 1.154308617234469
0.5806726266496381 1.148554336989033
0.5832269050659855 1.1338582677165354
0.5862068965517241 1.1272015655577299
0.5904640272456364 1.1228070175438596
0.5936568752660707 1.1206225680933852
0.5970625798212005 1.114119922630561
0.6000425713069392 1.1108968177434908
0.6023839931885909 1.106628242074928
0.6053639846743295 1.101338432122371
0.6102596849723286 1.1002865329512894
0.612813963388676 1.0971428571428572
0.6155810983397191 1.0888468809073724
0.618348233290762 1.0796626054358014
0.622179650915283 1.0766355140186916
0.6275010642826735 1.0736253494874184
0.6300553426990209 1.0607734806629834
0.6328224776500638 1.0482256596906279
0.6358024691358025 1.0425339366515838
0.6389953171562367 1.0331838565022422
0.6428267347807578 1.029490616621984
0.6479352916134525 1.0276538804638715
0.6504895700297999 1.0158730158730158
0.6541081311196254 1.0131926121372032
0.6600681140911026 1.0105263157894737
0.6649638143891018 1.006993006993007
0.6687952320136228 1.0026109660574412
0.6722009365687527 0.9974025974025974
0.6745423584504044 0.9905417024935511
0.6773094934014474 0.9820971867007673
0.680289484887186 0.9779286926994907
0.6839080459770115 0.9770992366412213
0.6877394636015326 0.9737954353338969
0.691358024691358 0.972972972972973
0.6960408684546615 0.9696969696969697
0.7002979991485738 0.9672544080604534
0.7045551298424861 0.9656328583403185
0.7083865474670072 0.964824120603015
0.7126436781609196 0.9640167364016736
0.7175393784589187 0.9624060150375939
0.7226479352916134 0.9608006672226855
0.7269050659855257 0.9584026622296173
0.7320136228182205 0.9568106312292359
0.7352064708386548 0.9560165975103735
0.7403150276713495 0.9520661157024793
0.7454235845040442 0.9512799339388934
0.7507449978714347 0.9504950495049505
0.7547892720306514 0.9481481481481482
0.7596849723286505 0.9458128078817734
0.7633035334184759 0.9450369155045119
0.7686249467858663 0.9442622950819672
0.7741592166879523 0.9427168576104746
0.7790549169859514 0.9419460343417825
0.7839506172839507 0.9388753056234719
0.7896977437207322 0.9381107491856677
0.7945934440187313 0.9365853658536586
0.7997020008514262 0.9358245329000813
0.8056619838229033 0.9327935222672065
0.8080034057045551 0.931285367825384
0.8139633886760324 0.9297820823244553
0.8165176670923797 0.9297820823244553
0.8201362281822052 0.9297820823244553
0.8233290762026394 0.9297820823244553
0.8260962111536824 0.9297820823244553
0.831843337590464 0.9297820823244553
0.8371647509578544 0.9297820823244553
0.8431247339293316 0.9297820823244553
0.848446147296722 0.9297820823244553
0.853980417198808 0.9297820823244553
0.8597275436355896 0.9297820823244553
0.8654746700723712 0.9297820823244553
0.8712217965091529 0.9297820823244553
0.87718177948063 0.9297820823244553
0.8833546189868029 0.9297820823244553
0.8893146019582802 0.9297820823244553
0.8952745849297573 0.9297820823244553
0.9012345679012346 0.9297820823244553
0.9069816943380162 0.9297820823244553
0.9127288207747978 0.9297820823244553
0.9182630906768838 0.9297820823244553
0.9237973605789698 0.9297820823244553
0.9293316304810557 0.9297820823244553
0.9344401873137506 0.9297820823244553
0.9393358876117497 0.9297820823244553
0.9431673052362708 0.9297820823244553
0.9467858663260962 0.9297820823244553
0.9504044274159217 0.9297820823244553
0.9542358450404428 0.9297820823244553
0.958492975734355 0.9297820823244553
0.9633886760323542 0.9297820823244553
0.9687100893997446 0.9297820823244553
0.9740315027671349 0.9297820823244553
0.9797786292039166 0.9297820823244553
0.9853128991060025 0.9297820823244553
0.9902085994040017 0.9297820823244553
0.9951042997020009 0.9297820823244553
1.0 0.9297820823244553
