title: FPR vs TPR(Forecasting and detection)
x_lable: False Positive Rate(From 0-1 FP Per-day)
y_lable: True Positive Rate(Forecasting and detection)
GASDM: 
0.001489995742869306 0.006413301662707839
0.002767134951042997 0.012589073634204275
0.004895700297999148 0.01828978622327791
0.006811409110259685 0.024228028503562947
0.008727117922520221 0.03016627078384798
0.011068539804171988 0.035629453681710214
0.013409961685823755 0.04109263657957245
0.015751383567475522 0.04655581947743468
0.018305661983822902 0.05178147268408551
0.02022137079608344 0.05771971496437055
0.022137079608343976 0.06365795724465559
0.024691358024691357 0.06864608076009501
0.02724563644103874 0.07387173396674585
0.02979991485738612 0.07909738717339668
0.032567049808429116 0.0840855106888361
0.035334184759472115 0.08907363420427554
0.038101319710515114 0.09406175771971496
0.04044274159216688 0.0992874109263658
0.04171988080034057 0.10570071258907364
0.04427415921668795 0.11092636579572447
0.04704129416773095 0.1159144893111639
0.04980842911877394 0.12090261282660332
0.05278842060451256 0.12565320665083135
0.05576841209025117 0.1304038004750594
0.05874840357598978 0.1351543942992874
0.06151553852703278 0.14014251781472684
0.06385696040868455 0.14441805225653206
0.06683695189442315 0.14916864608076008
0.06981694338016177 0.15391923990498813
0.07279693486590039 0.15866983372921614
0.07513835674755215 0.16389548693586697
0.07747977862920391 0.16888361045130643
0.07982120051085569 0.17387173396674585
0.08280119199659429 0.17862232779097387
0.08599404001702853 0.1831353919239905
0.08918688803746275 0.1876484560570071
0.09195402298850575 0.19216152019002375
0.09514687100893997 0.19667458432304039
0.0983397190293742 0.201187648456057
0.10153256704980843 0.20570071258907363
0.10429970200085142 0.21068883610451306
0.10749255002128566 0.2152019002375297
0.1108982545764155 0.21947743467933492
0.11430395913154534 0.22375296912114015
0.11579395487441464 0.22969121140142518
0.11919965942954448 0.2339667458432304
0.12154108131119626 0.23824228028503563
0.1251596424010217 0.24228028503562946
0.12877820349084718 0.24631828978622328
0.13239676458067262 0.2503562945368171
0.1360153256704981 0.2543942992874109
0.13963388676032354 0.25843230403800477
0.143252447850149 0.26247030878859856
0.14687100893997446 0.2665083135391924
0.1504895700297999 0.2705463182897862
0.15410813111962537 0.27458432304038005
0.15772669220945082 0.27862232779097384
0.1613452532992763 0.2826603325415677
0.16496381438910174 0.28669833729216154
0.1685823754789272 0.29073634204275534
0.17198808003405705 0.29453681710213775
0.1751809280544913 0.2985748218527316
0.17879948914431673 0.302375296912114
0.18007662835249041 0.3087885985748218
0.1836951894423159 0.3125890736342043
0.18752660706683696 0.3163895486935867
0.19135802469135801 0.3201900237529691
0.1951894423158791 0.32399049881235154
0.19902085994040017 0.32779097387173395
0.20285227756492125 0.3315914489311164
0.205193699446573 0.3363420427553444
0.20859940400170285 0.33990498812351544
0.2120051085568327 0.34370546318289785
0.21562366964665816 0.34750593824228027
0.21881651766709237 0.3510688836104513
0.22264793529161345 0.35463182897862233
0.22669220945083013 0.35819477434679337
0.23073648361004684 0.36175771971496434
0.23478075776926352 0.3653206650831354
0.2388250319284802 0.3688836104513064
0.24286930608769688 0.37244655581947744
0.24691358024691357 0.3760095011876485
0.2509578544061303 0.37957244655581945
0.25500212856534693 0.3831353919239905
0.25862068965517243 0.3866983372921615
0.2624521072796935 0.3900237529691211
0.26372924648786716 0.39239904988123514
0.26756066411238827 0.39619952494061755
0.2716049382716049 0.3995249406175772
0.27586206896551724 0.4028503562945368
0.28011919965942955 0.40617577197149646
0.28437633035334187 0.40950118764845606
0.2886334610472541 0.41282660332541565
0.29182630906768836 0.4156769596199525
0.29587058322690507 0.4187648456057007
0.3001277139208174 0.4220902612826603
0.3043848446147297 0.42541567695961996
0.30864197530864196 0.42874109263657956
0.3118348233290762 0.4320665083135392
0.3160919540229885 0.43515439429928743
0.3186462324393359 0.43729216152019
0.3220519369944657 0.44109263657957243
0.3258833546189868 0.44394299287410927
0.3284376330353342 0.4467933491686461
0.3326947637292465 0.4498812351543943
0.33546189868028947 0.4522565320665083
0.3386547467007237 0.4546318289786223
0.34227330779054915 0.4577197149643705
0.345679012345679 0.460332541567696
0.3503618561089826 0.46318289786223277
0.353980417198808 0.4653206650831354
0.3569604086845466 0.4669833729216152
0.3610046828437633 0.4691211401425178
0.3652618135376756 0.4717339667458432
0.3676032354193274 0.47339667458432305
0.3724989357173265 0.47600950118764845
0.3773946360153257 0.47862232779097386
0.3822903363133248 0.4812351543942993
0.38654746700723713 0.4833729216152019
0.39144316730523626 0.4859857482185273
0.3950617283950617 0.4878859857482185
0.399318859088974 0.49049881235154397
0.40357598978288634 0.49311163895486937
0.40847169008088546 0.49572446555819477
0.41336739037888465 0.4983372921615202
0.41783737760749257 0.5004750593824228
0.4227330779054917 0.5028503562945368
0.4276287782034908 0.5054631828978622
0.43252447850149 0.5080760095011877
0.43742017879948913 0.5106888361045131
0.4423158790974883 0.5133016627078385
0.44721157939548745 0.5159144893111639
0.4521072796934866 0.5182897862232779
0.45700297999148576 0.520665083135392
0.4595572584078331 0.521852731591449
0.4621115368241805 0.523040380047506
0.4670072371221797 0.52541567695962
0.47126436781609193 0.5273159144893111
0.4725415070242657 0.5294536817102138
0.47530864197530864 0.5306413301662708
0.4789272030651341 0.5323040380047506
0.4840357598978289 0.5346793349168646
0.4872286079182631 0.538479809976247
0.49233716475095785 0.540855106888361
0.49744572158365263 0.543230403800475
0.5025542784163474 0.5456057007125891
0.5076628352490421 0.5479809976247031
0.5127713920817369 0.5503562945368171
0.5170285227756493 0.5532066508313539
0.519369944657301 0.5543942992874109
0.5246913580246914 0.5565320665083135
0.5289484887186037 0.5579572446555819
0.5317156236696466 0.5589073634204276
0.5338441890166028 0.5610451306413302
0.5374627501064283 0.56270783847981
0.5427841634738186 0.5648456057007126
0.548105576841209 0.5669833729216152
0.5534269902085994 0.5691211401425178
0.5587484035759898 0.5712589073634204
0.5621541081311197 0.5731591448931116
0.564708386547467 0.5741092636579572
0.5696040868454662 0.5757719714964371
0.5751383567475522 0.5776722090261283
0.5806726266496381 0.5795724465558195
0.5830140485312899 0.5807600950118765
0.5887611749680716 0.5824228028503563
0.5945083014048531 0.5840855106888361
0.5994040017028522 0.5852731591448931
0.6042997020008515 0.5864608076009501
0.6062154108131119 0.5885985748218527
0.6115368241805024 0.5900237529691211
0.6166453810131971 0.5912114014251781
0.6223925074499788 0.5928741092636579
0.6281396338867603 0.5945368171021378
0.633886760323542 0.5961995249406176
0.6372924648786717 0.5969121140142518
0.643252447850149 0.5983372921615202
0.6492124308216263 0.5992874109263658
0.6524052788420605 0.6014251781472684
0.6566624095359728 0.6030878859857483
0.6602809706257982 0.6038004750593824
0.6662409535972754 0.6052256532066508
0.6722009365687527 0.6066508313539193
0.6781609195402298 0.6080760095011877
0.6841209025117071 0.6090261282660333
0.6873137505321414 0.6097387173396674
0.6932737335036185 0.6106888361045131
0.6971051511281396 0.6111638954869358
0.699659429544487 0.6114014251781472
0.7011494252873564 0.6128266033254157
0.7058322690506599 0.6133016627078385
0.7090251170710941 0.6144893111638955
0.7147722435078757 0.6149643705463183
0.719029374201788 0.6154394299287411
0.7224350787569178 0.6163895486935868
0.7281822051936995 0.6171021377672209
0.7341421881651766 0.6175771971496437
0.7390378884631759 0.6182897862232779
0.7424435930183056 0.6190023752969122
0.7460621541081311 0.6192399049881235
0.7511707109408259 0.6199524940617577
0.7545764154959558 0.6204275534441805
0.7584078331204768 0.6206650831353919
0.7633035334184759 0.6211401425178147
0.7673478075776926 0.6223277909738717
0.7716049382716049 0.6235154394299287
0.7769263516389954 0.6237529691211401
0.7818220519369945 0.6239904988123516
0.7867177522349936 0.624228028503563
0.7911877394636015 0.6249406175771971
0.7935291613452533 0.6258907363420427
0.7960834397616007 0.6268408551068884
0.7990634312473393 0.6275534441805226
0.8020434227330779 0.627790973871734
0.8052362707535121 0.6292161520190024
0.8084291187739464 0.6304038004750594
0.8120476798637718 0.6318289786223278
0.8158790974882929 0.6327790973871734
0.819710515112814 0.6334916864608076
0.8237547892720306 0.6344418052256532
0.8297147722435079 0.6351543942992874
0.8316304810557684 0.6370546318289786
0.8339719029374202 0.6380047505938242
0.8399318859088974 0.6382422802850356
0.845679012345679 0.638479809976247
0.8514261387824607 0.6387173396674585
0.8569604086845466 0.6389548693586699
0.8620689655172413 0.6391923990498812
0.8663260962111536 0.6394299287410926
0.8703703703703703 0.639667458432304
0.873350361856109 0.6399049881235155
0.8763303533418476 0.6401425178147269
0.8793103448275862 0.6403800475059382
0.8820774797786292 0.6406175771971496
0.8846317581949766 0.640855106888361
0.8859088974031503 0.6410926365795725
0.8895274584929758 0.6410926365795725
0.8931460195828012 0.6410926365795725
0.8969774372073223 0.6410926365795725
0.9012345679012346 0.6410926365795725
0.9061302681992337 0.6410926365795725
0.9114516815666242 0.6410926365795725
0.9167730949340145 0.6410926365795725
0.922520221370796 0.6410926365795725
0.9280544912728821 0.6410926365795725
0.9329501915708812 0.6410926365795725
0.9378458918688803 0.6410926365795725
0.9427415921668795 0.6410926365795725
0.9467858663260962 0.6410926365795725
0.9523201362281822 0.6410926365795725
0.9578544061302682 0.6410926365795725
0.9638143891017454 0.6410926365795725
0.969561515538527 0.6410926365795725
0.9753086419753086 0.6410926365795725
0.9814814814814815 0.6410926365795725
0.9840357598978289 0.6410926365795725
0.9870157513835675 0.6410926365795725
0.9899957428693061 0.6410926365795725
0.9927628778203491 0.6410926365795725
0.9953171562366965 0.6410926365795725
0.9980842911877394 0.6410926365795725
1.0 0.6410926365795725
NPHGS: 
0.002979991485738612 0.004750593824228029
0.005321413367390379 0.009501187648456057
0.008301404853128991 0.014014251781472684
0.010642826734780758 0.01828978622327791
0.01362281822051937 0.02304038004750594
0.016389953171562367 0.028028503562945367
0.018305661983822902 0.033729216152019
0.020859940400170286 0.03895486935866983
0.023414218816517667 0.043705463182897863
0.025755640698169435 0.048218527315914486
0.02852277564921243 0.05296912114014252
0.031077054065559814 0.05795724465558195
0.03426990208599404 0.06223277909738718
0.036611323967645805 0.06722090261282661
0.04086845466155811 0.07054631828978622
0.043635589612601104 0.07505938242280286
0.04767986377181779 0.07838479809976247
0.05151128139633887 0.0817102137767221
0.05406555981268625 0.08669833729216152
0.05661983822903363 0.09144893111638955
0.05917411664538101 0.09596199524940617
0.06300553426990209 0.09904988123515439
0.06555981268624947 0.10261282660332542
0.06896551724137931 0.10617577197149644
0.07364836100468285 0.10878859857482186
0.07790549169859515 0.11140142517814727
0.08024691358024691 0.1159144893111639
0.08386547467007237 0.11900237529691211
0.08620689655172414 0.12185273159144894
0.08939974457215837 0.12399049881235154
0.09429544487015751 0.12636579572446555
0.09919114516815666 0.12850356294536816
0.1040868454661558 0.13064133016627077
0.10898254576415496 0.1327790973871734
0.11196253724989357 0.13562945368171023
0.11451681566624096 0.13990498812351543
0.11707109408258834 0.14346793349168646
0.12026394210302256 0.14750593824228028
0.1251596424010217 0.1498812351543943
0.12835249042145594 0.1534441805225653
0.13090676883780333 0.15629453681710215
0.13537675606641125 0.15819477434679335
0.1389953171562367 0.16080760095011876
0.1415495955725841 0.16318289786223278
0.14644529587058322 0.1653206650831354
0.1504895700297999 0.16769596199524942
0.1558109833971903 0.16983372921615203
0.1585781183482333 0.17458432304038005
0.16368667518092805 0.17648456057007125
0.1668795232013623 0.17885985748218527
0.17113665389527458 0.18052256532066507
0.17454235845040442 0.1821852731591449
0.1798637718177948 0.1840855106888361
0.1836951894423159 0.1866983372921615
0.18795232013622817 0.18907363420427553
0.19306087696892293 0.19144893111638955
0.19582801191996593 0.19429928741092636
0.19880800340570456 0.19572446555819478
0.20178799489144317 0.2
0.20668369518944232 0.20213776722090263
0.20966368667518093 0.20546318289786222
0.21115368241805024 0.20712589073634205
0.216262239250745 0.20902612826603326
0.2192422307364836 0.21211401425178147
0.22413793103448276 0.21377672209026127
0.22647935291613452 0.2178147268408551
0.23009791400595997 0.22019002375296912
0.2332907620263942 0.22304038004750593
0.2386121753937846 0.22446555819477435
0.24116645381013196 0.22874109263657957
0.24606215410813112 0.230166270783848
0.25180928054491275 0.2318289786223278
0.2541507024265645 0.2327790973871734
0.25755640698169435 0.234916864608076
0.2624521072796935 0.23705463182897862
0.2667092379736058 0.23824228028503563
0.272669220945083 0.23966745843230403
0.27543635589612603 0.24180522565320664
0.2773520647083865 0.24418052256532066
0.2833120476798638 0.24560570071258908
0.28693060876968923 0.2475059382422803
0.2907620263942103 0.2508313539192399
0.294806300553427 0.2520190023752969
0.29842486164325244 0.2536817102137767
0.30268199233716475 0.2551068883610451
0.30693912303107707 0.25605700712589075
0.30991911451681564 0.25914489311163896
0.3158790974882929 0.260332541567696
0.3218390804597701 0.26175771971496437
0.3277990634312473 0.2629453681710214
0.333546189868029 0.2641330166270784
0.3356747552149851 0.2660332541567696
0.34163473818646234 0.2672209026128266
0.3448275862068966 0.26888361045130643
0.3497232865048957 0.2703087885985748
0.35206470838654746 0.27482185273159143
0.35781183482332907 0.27577197149643706
0.36015325670498083 0.27767220902612827
0.3624946785866326 0.2793349168646081
0.36590038314176243 0.2805225653206651
0.3720732226479353 0.28171021377672206
0.373350361856109 0.2857482185273159
0.3786717752234994 0.2864608076009501
0.3846317581949766 0.2871733966745843
0.3905917411664538 0.28788598574821855
0.39655172413793105 0.28859857482185275
0.4018731375053214 0.2895486935866983
0.4057045551298425 0.29192399049881235
0.410387398893146 0.29311163895486936
0.41464452958705833 0.2935866983372922
0.42039165602383993 0.2947743467933492
0.4240102171136654 0.29572446555819476
0.4267773520647084 0.298812351543943
0.43082162622392506 0.2992874109263658
0.43571732652192424 0.3002375296912114
0.4395487441464453 0.301187648456057
0.443593018305662 0.3026128266033254
0.44742443593018305 0.30332541567695964
0.45317156236696465 0.30403800475059384
0.4561515538527033 0.30641330166270786
0.4621115368241805 0.30712589073634206
0.4663686675180928 0.30831353919239907
0.4704129416773095 0.30902612826603326
0.4763729246487867 0.3095011876484561
0.48063005534269904 0.3102137767220903
0.48382290336313327 0.31116389548693585
0.4895700297999149 0.31187648456057004
0.49382716049382713 0.31235154394299286
0.4987228607918263 0.31353919239904987
0.5036185610898255 0.3144893111638955
0.5085142613878246 0.3152019002375297
0.51213282247765 0.3171021377672209
0.5157513835674755 0.3190023752969121
0.519369944657301 0.31995249406175774
0.5229885057471264 0.3209026128266033
0.5266070668369519 0.32185273159144895
0.5319284802043422 0.3228028503562945
0.5357598978288634 0.32375296912114016
0.5398041719880801 0.32517814726840855
0.5438484461472968 0.3261282660332542
0.5478927203065134 0.32707838479809975
0.5500212856534695 0.3311163895486936
0.5540655598126862 0.3318289786223278
0.556406981694338 0.3323040380047506
0.5589612601106854 0.3330166270783848
0.5615155385270327 0.333729216152019
0.5642826734780758 0.3344418052256532
0.5698169433801618 0.334916864608076
0.5727969348659003 0.3363420427553444
0.578544061302682 0.3368171021377672
0.5817369093231162 0.3375296912114014
0.5849297573435505 0.33800475059382423
0.5883354618986802 0.3382422802850356
0.5917411664538101 0.33847980997624705
0.5953597275436356 0.34133016627078383
0.598978288633461 0.34370546318289785
0.6025968497232865 0.34418052256532067
0.6062154108131119 0.34441805225653205
0.610046828437633 0.34560570071258906
0.6140911025968497 0.3458432304038005
0.618348233290762 0.3477434679334917
0.6226053639846744 0.3484560570071259
0.6268624946785867 0.3489311163895487
0.6319710515112814 0.3491686460807601
0.6372924648786717 0.3501187648456057
0.6430395913154534 0.3508313539192399
0.6445295870583226 0.3548693586698337
0.6481481481481481 0.35724465558194773
0.6494252873563219 0.36104513064133015
0.6507024265644955 0.3646080760095012
0.6519795657726692 0.36793349168646083
0.6551724137931034 0.36983372921615204
0.657088122605364 0.372209026128266
0.6619838229033631 0.37315914489311164
0.6656023839931886 0.37458432304038003
0.6683695189442316 0.37624703087885986
0.6696466581524053 0.37838479809976244
0.6715623669646659 0.3802850356294537
0.6734780757769263 0.3819477434679335
0.6790123456790124 0.3824228028503563
0.6819923371647509 0.3836104513064133
0.6847594721157939 0.3847980997624703
0.6898680289484888 0.38527315914489313
0.6939123031077054 0.3859857482185273
0.6990208599404002 0.38646080760095014
0.7015751383567476 0.3874109263657957
0.7039165602383993 0.38836104513064135
0.7071094082588335 0.38907363420427554
0.7128565346956152 0.3893111638954869
0.7166879523201363 0.38978622327790974
0.7205193699446573 0.39026128266033255
0.7224350787569178 0.39097387173396675
0.7260536398467433 0.39144893111638956
0.7292464878671775 0.3919239904988123
0.7324393358876118 0.39239904988123514
0.7373350361856109 0.3926365795724466
0.74223073648361 0.39287410926365796
0.7471264367816092 0.39311163895486934
0.7520221370796083 0.39334916864608077
0.7569178373776075 0.39358669833729215
0.7584078331204768 0.39406175771971497
0.7626649638143891 0.39429928741092635
0.7669220945083014 0.3945368171021378
0.7711792252022137 0.39477434679334916
0.775436355896126 0.39501187648456054
0.7796934865900383 0.395249406175772
0.783737760749255 0.39548693586698336
0.787569178373776 0.3957244655581948
0.7914005959982972 0.3959619952494062
0.7950191570881227 0.39619952494061755
0.798637718177948 0.396437054631829
0.8022562792677735 0.39667458432304037
0.8058748403575989 0.3969121140142518
0.8094934014474244 0.3971496437054632
0.8131119625372499 0.39738717339667456
0.8165176670923797 0.397624703087886
0.8199233716475096 0.3978622327790974
0.8233290762026394 0.3980997624703088
0.8267347807577693 0.3983372921615202
0.8299276287782035 0.3985748218527316
0.8331204767986378 0.398812351543943
0.8361004682843763 0.3990498812351544
0.8390804597701149 0.39928741092636577
0.8420604512558536 0.3995249406175772
0.8448275862068966 0.3997624703087886
0.8475947211579395 0.4
0.8503618561089825 0.4002375296912114
0.8531289910600255 0.4004750593824228
0.8554704129416774 0.4007125890736342
0.8573861217539378 0.4009501187648456
0.8586632609621115 0.40118764845605703
0.8620689655172413 0.40118764845605703
0.8656875266070668 0.40118764845605703
0.8701575138356747 0.40118764845605703
0.8735632183908046 0.40118764845605703
0.8769689229459344 0.40118764845605703
0.8805874840357599 0.40118764845605703
0.8842060451255853 0.40118764845605703
0.8880374627501064 0.40118764845605703
0.8922945934440187 0.40118764845605703
0.8971902937420179 0.40118764845605703
0.9025117071094083 0.40118764845605703
0.9078331204767986 0.40118764845605703
0.9135802469135802 0.40118764845605703
0.9191145168156662 0.40118764845605703
0.9240102171136654 0.40118764845605703
0.9289059174116645 0.40118764845605703
0.9331630481055768 0.40118764845605703
0.9372073222647935 0.40118764845605703
0.9412515964240102 0.40118764845605703
0.9461472967220094 0.40118764845605703
0.9512558535547041 0.40118764845605703
0.9567901234567902 0.40118764845605703
0.9623243933588761 0.40118764845605703
0.9678586632609621 0.40118764845605703
0.9736057896977437 0.40118764845605703
0.9793529161345254 0.40118764845605703
0.9844614729672201 0.40118764845605703
0.9893571732652192 0.40118764845605703
0.9944657300979141 0.40118764845605703
0.9968071519795658 0.40118764845605703
1.0 0.40118764845605703
EventTree: 
0.002979991485738612 0.004750593824228029
0.005959982971477224 0.009501187648456057
0.008301404853128991 0.014489311163895487
0.010642826734780758 0.019239904988123516
0.01319710515112814 0.02327790973871734
0.016177096636866752 0.028028503562945367
0.018944231587909748 0.0330166270783848
0.021711366538952746 0.03800475059382423
0.024265644955300127 0.04156769596199525
0.02681992337164751 0.04655581947743468
0.02979991485738612 0.0508313539192399
0.032779906343124735 0.05510688836104513
0.03554704129416773 0.05938242280285035
0.038314176245210725 0.06342042755344418
0.040655598126862494 0.06769596199524941
0.044061302681992334 0.07173396674584323
0.04704129416773095 0.07505938242280286
0.05002128565346956 0.07885985748218527
0.05257556406981694 0.08384798099762471
0.05534269902085994 0.08764845605700712
0.05789697743720732 0.09239904988123515
0.0604512558535547 0.09714964370546318
0.06428267347807577 0.10047505938242281
0.06683695189442315 0.10498812351543943
0.07002979991485739 0.10926365795724466
0.07322264793529161 0.11235154394299288
0.07684120902511707 0.11567695961995249
0.08045977011494253 0.11900237529691211
0.08237547892720307 0.12470308788598575
0.08620689655172414 0.12850356294536816
0.09046402724563644 0.13182897862232779
0.0928054491272882 0.13657957244655583
0.09621115368241805 0.13919239904988123
0.10025542784163474 0.14275534441805227
0.1025968497232865 0.1470308788598575
0.1053639846743295 0.1515439429928741
0.10834397616006812 0.15486935866983373
0.10983397190293742 0.15890736342042755
0.11345253299276288 0.16223277909738718
0.11579395487441464 0.1657957244655582
0.11770966368667518 0.16888361045130643
0.12111536824180502 0.17220902612826602
0.1251596424010217 0.17529691211401424
0.12920391656023839 0.17862232779097387
0.13218390804597702 0.1812351543942993
0.13409961685823754 0.1836104513064133
0.13686675180928054 0.18646080760095013
0.140485312899106 0.18907363420427553
0.14516815666240954 0.19192399049881234
0.1472967220093657 0.19619952494061757
0.1504895700297999 0.1990498812351544
0.1545338441890166 0.2016627078384798
0.15751383567475521 0.20522565320665084
0.16177096636866753 0.20807600950118765
0.16602809706257982 0.21092636579572446
0.1696466581524053 0.21401425178147268
0.17220093656875265 0.2173396674584323
0.1756066411238825 0.21971496437054633
0.17943805874840357 0.22232779097387173
0.1828437633035334 0.22541567695961995
0.18710089399744573 0.22779097387173397
0.19071945508727117 0.23159144893111638
0.1951894423158791 0.2339667458432304
0.19753086419753085 0.23895486935866983
0.20114942528735633 0.24204275534441805
0.2054065559812686 0.24418052256532066
0.21030225627926777 0.2467933491686461
0.21434653043848445 0.2491686460807601
0.21839080459770116 0.2513064133016627
0.2220093656875266 0.25415676959619954
0.2247765006385696 0.2570071258907363
0.22967220093656876 0.25938242280285034
0.23243933588761176 0.26199524940617575
0.2360578969774372 0.2646080760095012
0.24095359727543636 0.2669833729216152
0.24584929757343552 0.2693586698337292
0.24968071519795657 0.27268408551068885
0.25351213282247764 0.27600950118764844
0.2547892720306513 0.28099762470308787
0.25798212005108556 0.2833729216152019
0.26202639421030227 0.2852731591448931
0.2656449553001277 0.2871733966745843
0.26905065985525756 0.2902612826603325
0.27309493401447427 0.29263657957244654
0.27501064282673476 0.2966745843230404
0.27990634312473395 0.298812351543943
0.28458918688803747 0.301187648456057
0.286504895700298 0.30475059382422803
0.29012345679012347 0.3068883610451306
0.2950191570881226 0.30902612826603326
0.2992762877820349 0.31092636579572447
0.3035334184759472 0.3128266033254157
0.30715197956577267 0.3161520190023753
0.30970625798212004 0.3194774346793349
0.3148148148148148 0.3216152019002375
0.31800766283524906 0.32565320665083136
0.3216262239250745 0.3287410926365796
0.32524478501489995 0.3318289786223278
0.32950191570881227 0.3342042755344418
0.3326947637292465 0.3375296912114014
0.3369518944231588 0.33919239904988124
0.34184759472115794 0.34109263657957245
0.34674329501915707 0.34299287410926366
0.35163899531715626 0.34489311163895486
0.356747552149851 0.3470308788598575
0.3599404001702852 0.3498812351543943
0.3652618135376756 0.35201900237529693
0.36909323116219667 0.3553444180522565
0.373350361856109 0.35700712589073635
0.3767560664112388 0.35843230403800475
0.3818646232439336 0.36033254156769595
0.38697318007662834 0.36223277909738716
0.3891017454235845 0.3669833729216152
0.3931460195828012 0.3691211401425178
0.3959131545338442 0.3726840855106888
0.4012345679012346 0.37458432304038003
0.40655598126862497 0.37648456057007124
0.4108131119625372 0.37885985748218526
0.41421881651766707 0.38004750593824227
0.4157088122605364 0.38456057007125893
0.41975308641975306 0.38764845605700715
0.4240102171136654 0.3893111638954869
0.42890591741166456 0.39097387173396675
0.4329501915708812 0.39358669833729215
0.43614303959131545 0.395249406175772
0.44040017028522777 0.39667458432304037
0.4442315879097488 0.3985748218527316
0.44785014899957426 0.40190023752969123
0.45189442315879097 0.40427553444180525
0.4555129842486164 0.40712589073634203
0.4608343976160068 0.40878859857482186
0.46317581949765857 0.4125890736342043
0.46871008939974457 0.4142517814726841
0.4727543635589613 0.4154394299287411
0.47509578544061304 0.4182897862232779
0.47999148573861217 0.41971496437054634
0.48488718603661135 0.42114014251781473
0.4891443167305236 0.4232779097387173
0.49233716475095785 0.42446555819477433
0.49744572158365263 0.4258907363420428
0.5006385696040868 0.42945368171021375
0.5055342699020859 0.4311163895486936
0.509365687526607 0.433729216152019
0.5142613878246062 0.4358669833729216
0.5200085142613878 0.43752969121140145
0.523201362281822 0.4399049881235154
0.5280970625798213 0.4418052256532066
0.5334184759472116 0.44323040380047507
0.535972754363559 0.4467933491686461
0.5385270327799063 0.4501187648456057
0.5410813111962537 0.4534441805225653
0.5464027245636441 0.45486935866983375
0.5521498510004257 0.45629453681710214
0.5572584078331205 0.4577197149643705
0.5621541081311197 0.45890736342042754
0.5661983822903364 0.45985748218527317
0.5721583652618135 0.46128266033254156
0.5753512132822478 0.46270783847980995
0.5802469135802469 0.4641330166270784
0.5851426138782461 0.4655581947743468
0.5904640272456364 0.4669833729216152
0.5932311621966795 0.4719714964370546
0.5972754363558961 0.47363420427553443
0.6028097062579821 0.47482185273159144
0.6070668369518945 0.4757719714964371
0.6130268199233716 0.47719714964370546
0.6187739463601533 0.4783847980997625
0.6245210727969349 0.4795724465558195
0.6264367816091954 0.48242280285035627
0.6298424861643253 0.4838479809976247
0.6355896126011068 0.4852731591448931
0.6415495955725841 0.4866983372921615
0.6475095785440613 0.4878859857482185
0.6532567049808429 0.4890736342042755
0.6581524052788421 0.49049881235154397
0.6632609621115368 0.49144893111638954
0.6683695189442316 0.4923990498812352
0.6743295019157088 0.49382422802850356
0.6781609195402298 0.49596199524940615
0.6811409110259685 0.4983372921615202
0.6868880374627501 0.4992874109263658
0.6900808854831844 0.5019002375296913
0.6960408684546615 0.5030878859857483
0.6992337164750958 0.5052256532066508
0.70242656449553 0.5073634204275534
0.7056194125159643 0.5092636579572447
0.7092379736057897 0.5099762470308788
0.7115793954874414 0.5130641330166271
0.7139208173690932 0.5156769596199525
0.7198808003405704 0.5166270783847982
0.7241379310344828 0.517814726840855
0.73009791400596 0.5187648456057007
0.7313750532141337 0.5228028503562946
0.7326521924223074 0.5263657957244655
0.733929331630481 0.5294536817102138
0.7352064708386548 0.5323040380047506
0.7386121753937845 0.5332541567695962
0.7447850148999574 0.5344418052256532
0.7475521498510004 0.5382422802850356
0.7503192848020435 0.5410926365795724
0.7562792677735206 0.5418052256532067
0.7592592592592593 0.5451306413301663
0.7650063856960408 0.5456057007125891
0.7694763729246488 0.5463182897862233
0.7730949340144743 0.5477434679334917
0.7773520647083866 0.5479809976247031
0.7816091954022989 0.5491686460807601
0.7858663260962111 0.5496437054631829
0.788207747977863 0.5505938242280285
0.7931034482758621 0.5508313539192399
0.7960834397616007 0.5532066508313539
0.7997020008514262 0.5539192399049881
0.8009791400595998 0.5577197149643706
0.8024691358024691 0.560332541567696
0.8043848446147297 0.56270783847981
0.8080034057045551 0.5634204275534441
0.8139633886760324 0.5636579572446556
0.8199233716475096 0.563895486935867
0.8256704980842912 0.5641330166270784
0.8314176245210728 0.5643705463182898
0.8371647509578544 0.5646080760095011
0.8426990208599404 0.5648456057007126
0.8482332907620264 0.565083135391924
0.8537675606641124 0.5653206650831354
0.8588761174968071 0.5655581947743468
0.8637718177948063 0.5657957244655581
0.8686675180928054 0.5660332541567696
0.8729246487867177 0.566270783847981
0.8767560664112388 0.5665083135391924
0.8805874840357599 0.5667458432304038
0.8844189016602809 0.5669833729216152
0.888250319284802 0.5672209026128266
0.8918688803746275 0.567458432304038
0.8954874414644529 0.5676959619952494
0.8991060025542784 0.5679334916864608
0.9027245636441039 0.5681710213776722
0.9063431247339293 0.5684085510688837
0.9097488292890592 0.568646080760095
0.913154533844189 0.5688836104513064
0.9163473818646233 0.5691211401425178
0.9193273733503619 0.5693586698337292
0.9223073648361004 0.5695961995249407
0.9250744997871435 0.569833729216152
0.9276287782034909 0.5700712589073634
0.9301830566198382 0.5703087885985748
0.9327373350361856 0.5705463182897862
0.9350787569178374 0.5707838479809976
0.9374201787994891 0.5710213776722091
0.9397616006811409 0.5712589073634204
0.9431673052362708 0.5712589073634204
0.9467858663260962 0.5712589073634204
0.9504044274159217 0.5712589073634204
0.9542358450404428 0.5712589073634204
0.958492975734355 0.5712589073634204
0.9633886760323542 0.5712589073634204
0.9687100893997446 0.5712589073634204
0.9740315027671349 0.5712589073634204
0.9797786292039166 0.5712589073634204
0.9853128991060025 0.5712589073634204
0.9902085994040017 0.5712589073634204
0.9951042997020009 0.5712589073634204
1.0 0.5712589073634204
