title: FPR vs TPR(Forecasting)
x_lable: False Positive Rate(From 0-1 FP Per-day)
y_lable: True Positive Rate(Forecasting)
GASDM: 
0.0017199862401100791 0.007756948933419522
0.0032679738562091504 0.015190691661279896
0.005331957344341246 0.022301228183581125
0.00739594083247334 0.029088558500323207
0.00980392156862745 0.03555268261150614
0.011695906432748537 0.04266321913380737
0.014275885792913657 0.04880413703943116
0.016855865153078776 0.054945054945054944
0.019435844513243893 0.06108597285067873
0.02218782249742002 0.06690368455074337
0.024939800481596146 0.07272139625080802
0.027691778465772275 0.07853910795087266
0.0304437564499484 0.0843568196509373
0.033195734434124526 0.09017453135100194
0.0349157206742346 0.09760827407886231
0.03783969728242174 0.1031027795733678
0.04076367389060888 0.1085972850678733
0.04368765049879601 0.1140917905623788
0.04661162710698315 0.1195862960568843
0.04953560371517028 0.1250808015513898
0.05263157894736842 0.13025210084033614
0.05572755417956656 0.13542340012928247
0.058823529411764705 0.14059469941822883
0.06191950464396285 0.1457659987071752
0.06501547987616099 0.15093729799612152
0.06811145510835913 0.15610859728506787
0.07120743034055728 0.16127989657401423
0.07430340557275542 0.16645119586296056
0.07739938080495357 0.17162249515190692
0.0803233574131407 0.17647058823529413
0.08341933264533884 0.18164188752424046
0.08582731338149295 0.1874595992243051
0.08892328861369109 0.19230769230769232
0.09219126246990024 0.1971557853910795
0.09545923632610939 0.2020038784744667
0.09872721018231854 0.2068519715578539
0.1019951840385277 0.21137685843568196
0.10543515651874785 0.21590174531351003
0.10887512899896801 0.22042663219133807
0.11231510147918816 0.22495151906916613
0.11575507395940833 0.22947640594699417
0.11919504643962849 0.23400129282482224
0.12263501891984864 0.2385261797026503
0.1260749914000688 0.24305106658047834
0.12951496388028896 0.2475759534583064
0.13261093911248711 0.25145442792501616
0.13570691434468524 0.2553329023917259
0.1393188854489164 0.25953458306399485
0.14293085655314758 0.26373626373626374
0.14654282765737875 0.26793794440853264
0.15015479876160992 0.27213962508080153
0.15376676986584106 0.2763413057530705
0.15737874097007223 0.28054298642533937
0.1609907120743034 0.28474466709760826
0.16357069143446853 0.28765352294764057
0.1651186790505676 0.29056237879767294
0.16873065015479877 0.2944408532643827
0.17234262125902994 0.29831932773109243
0.17595459236326108 0.3021978021978022
0.17956656346749225 0.306076276664512
0.18335053319573444 0.30995475113122173
0.1871345029239766 0.3138332255979315
0.18971448228414173 0.31641887524240464
0.19315445476436188 0.31997414350355524
0.19676642586859305 0.3235294117647059
0.2005503955968352 0.32740788623141565
0.20364637082903336 0.33031674208144796
0.2062263501891985 0.3329023917259211
0.21018231854145167 0.3364576599870718
0.21362229102167182 0.3400129282482224
0.21551427588579292 0.3422753716871364
0.2194702442380461 0.345830639948287
0.22342621259029927 0.3493859082094376
0.22738218094255247 0.35294117647058826
0.23082215342277262 0.35649644473173886
0.23426212590299278 0.36005171299288946
0.23821809425524595 0.36360698125404006
0.24217406260749913 0.36716224951519066
0.24613003095975233 0.3703943115707822
0.2500859993120055 0.3739495798319328
0.2540419676642587 0.3775048480930834
0.2579979360165119 0.381060116354234
0.26212590299277605 0.3842921784098255
0.26608187134502925 0.38752424046541695
0.2702098383212934 0.3907563025210084
0.2741658066735466 0.39398836457659986
0.2782937736498108 0.3972204266321913
0.282421740626075 0.4004524886877828
0.2855177158582731 0.40271493212669685
0.2894736842105263 0.40562378797672916
0.2930856553147575 0.4082094376212023
0.29721362229102166 0.4114414996767938
0.3013415892672859 0.4146735617323853
0.30546955624355004 0.41790562378797674
0.30959752321981426 0.4211376858435682
0.3137254901960784 0.42436974789915966
0.31785345717234265 0.4276018099547511
0.3219814241486068 0.4308338720103426
0.325765393876849 0.4340659340659341
0.32731338149294803 0.43665158371040724
0.33075335397316824 0.43891402714932126
0.3350533195734434 0.44182288299935357
0.3391812865497076 0.44505494505494503
0.3433092535259718 0.44828700711053654
0.34743722050223597 0.451519069166128
0.35053319573443414 0.45345830639948287
0.3544891640866873 0.4563671622495152
0.3587891296869625 0.4592760180995475
0.3615411076711386 0.4608920491273432
0.36429308565531476 0.46283128636069815
0.36652906776745786 0.46412411118293473
0.37048503611971106 0.46638655462184875
0.37478500171998624 0.46929541047188106
0.3790849673202614 0.47220426632191337
0.38149294805641554 0.47349709114414995
0.38390092879256965 0.47478991596638653
0.38630890952872377 0.4760827407886231
0.39060887512899894 0.4789915966386555
0.3949088407292742 0.4819004524886878
0.39920880632954936 0.4848093083387201
0.40350877192982454 0.4877181641887524
0.4078087375300998 0.4906270200387847
0.41210870313037495 0.4935358758888171
0.41589267285861714 0.49547511312217196
0.42036463708290334 0.497737556561086
0.42483660130718953 0.5003232062055591
0.4293085655314757 0.5025856496444732
0.43326453388372893 0.5048480930833872
0.4367045063639491 0.5064641241111829
0.4411764705882353 0.5087265675500969
0.4456484348125215 0.5113122171945701
0.44857241142070864 0.513251454427925
0.45304437564499483 0.5158371040723982
0.45751633986928103 0.5184227537168714
0.4619883040935672 0.5210084033613446
0.4664602683178535 0.5235940530058177
0.4688682490540076 0.5252100840336135
0.4726522187822497 0.5268261150614092
0.47729618163054693 0.5290885585003232
0.48194014447884415 0.5313510019392372
0.4840041279669763 0.532967032967033
0.48658410732714136 0.5339366515837104
0.49002407980736157 0.5361990950226244
0.4946680426556588 0.5384615384615384
0.499312005503956 0.5407239819004525
0.5041279669762642 0.5426632191338073
0.5087719298245614 0.5449256625727213
0.5134158926728586 0.5471881060116355
0.5180598555211559 0.5494505494505495
0.522359821121431 0.5510665804783452
0.5271757825937392 0.5530058177117001
0.5319917440660474 0.554945054945055
0.5361197110423117 0.5568842921784098
0.5402476780185759 0.5581771170006464
0.5452356381148951 0.559469941822883
0.5500515995872033 0.5614091790562379
0.5548675610595115 0.5633484162895928
0.5595115239078088 0.5646412411118293
0.564327485380117 0.5665804783451842
0.5691434468524251 0.5685197155785391
0.5739594083247334 0.570458952811894
0.5787753697970416 0.5723981900452488
0.5823873409012728 0.5746606334841629
0.587375300997592 0.5762766645119586
0.5913312693498453 0.577246283128636
0.5963192294461644 0.5788623141564319
0.6014791881664947 0.5798319327731093
0.6047471620227038 0.5804783451842276
0.609735122119023 0.5820943762120233
0.6147230822153423 0.583710407239819
0.6197110423116615 0.5853264382676148
0.6231510147918816 0.5859728506787331
0.6253869969040248 0.5862960568842922
0.6295149638802889 0.5872656755009696
0.6346749226006192 0.5882352941176471
0.6377708978328174 0.5888817065287654
0.6425868593051256 0.5898513251454428
0.6474028207774338 0.5908209437621202
0.652562779497764 0.5921137685843568
0.6570347437220502 0.5927601809954751
0.6615067079463365 0.5937297996121526
0.6651186790505675 0.5950226244343891
0.6689026487788098 0.5963154492566257
0.67406260749914 0.5976082740788623
0.6792225662194702 0.5989010989010989
0.6843825249398005 0.6001939237233355
0.6873065015479877 0.6021331609566903
0.6910904712762298 0.6027795733678086
0.694186446508428 0.6040723981900452
0.6995184038527692 0.6050420168067226
0.7038183694530443 0.6056884292178409
0.7077743378052975 0.6060116354234001
0.7124183006535948 0.6069812540400775
0.717062263501892 0.607950872656755
0.7211902304781562 0.6082740788623141
0.7229102167182663 0.6102133160956691
0.7272101823185414 0.6105365223012282
0.7315101479188166 0.6108597285067874
0.7361541107671139 0.6111829347123465
0.739422084623323 0.6118293471234648
0.7438940488476092 0.612152553329024
0.7485380116959064 0.6124757595345831
0.7526659786721707 0.6127989657401423
0.7562779497764018 0.6137685843568197
0.7616099071207431 0.6147382029734971
0.7653938768489852 0.6150614091790563
0.7708978328173375 0.6157078215901746
0.7748538011695907 0.6173238526179703
0.7788097695218438 0.6179702650290886
0.783969728242174 0.6182934712346477
0.7891296869625043 0.6186166774402069
0.7932576539387685 0.6192630898513252
0.7987616099071208 0.6199095022624435
0.8020295837633299 0.6208791208791209
0.8054695562435501 0.6221719457013575
0.8095975232198143 0.6224951519069166
0.8145854833161335 0.6228183581124758
0.8202614379084967 0.6231415643180349
0.8250773993808049 0.6234647705235941
0.8298933608531132 0.6237879767291532
0.8343653250773994 0.6241111829347123
0.8381492948056416 0.6244343891402715
0.8419332645338837 0.6247575953458306
0.8450292397660819 0.6250808015513898
0.8477812177502579 0.6254040077569489
0.8503611971104231 0.6257272139625081
0.8527691778465772 0.6260504201680672
0.8548331613347093 0.6263736263736264
0.8577571379428964 0.6263736263736264
0.8606811145510835 0.6263736263736264
0.8637770897832817 0.6263736263736264
0.8672170622635019 0.6263736263736264
0.8711730306157551 0.6263736263736264
0.8756449948400413 0.6263736263736264
0.8806329549363605 0.6263736263736264
0.8864809081527347 0.6263736263736264
0.892328861369109 0.6263736263736264
0.8981768145854833 0.6263736263736264
0.9040247678018576 0.6263736263736264
0.9098727210182318 0.6263736263736264
0.9157206742346061 0.6263736263736264
0.9193326453388373 0.6263736263736264
0.9229446164430685 0.6263736263736264
0.9277605779153767 0.6263736263736264
0.9325765393876849 0.6263736263736264
0.9377364981080152 0.6263736263736264
0.9434124527003784 0.6263736263736264
0.9484004127966976 0.6263736263736264
0.9533883728930168 0.6263736263736264
0.9587203302373581 0.6263736263736264
0.9638802889576883 0.6263736263736264
0.9688682490540076 0.6263736263736264
0.9743722050223598 0.6263736263736264
0.9802201582387341 0.6263736263736264
0.9828001375988992 0.6263736263736264
0.9853801169590644 0.6263736263736264
0.9879600963192294 0.6263736263736264
0.9907120743034056 0.6263736263736264
0.9932920536635707 0.6263736263736264
0.9955280357757138 0.6263736263736264
0.9979360165118679 0.6263736263736264
1.0 0.6263736263736264
NPHGS: 
0.0020639834881320948 0.006787330316742082
0.004815961472308222 0.012605042016806723
0.0068799449604403165 0.01809954751131222
0.009287925696594427 0.02456367162249515
0.011867905056759546 0.03070458952811894
0.014447884416924664 0.03684550743374273
0.017027863777089782 0.042986425339366516
0.01891984864121087 0.0491273432449903
0.021499828001375988 0.054945054945054944
0.024079807361541108 0.060762766645119586
0.026487788097695218 0.06690368455074337
0.02958376332989336 0.07142857142857142
0.03199174406604747 0.07724628312863607
0.03525971792225662 0.08177117000646413
0.038527691778465774 0.08629605688429218
0.04076367389060888 0.09276018099547512
0.043343653250773995 0.09857789269553975
0.04695562435500516 0.10277957336780866
0.048847609219126245 0.10698125404007756
0.0521155830753354 0.11085972850678733
0.054523563811489505 0.11667744020685197
0.058307533539731685 0.12055591467356173
0.06209150326797386 0.12411118293471235
0.06553147574819401 0.12831286360698124
0.06931544547643619 0.13186813186813187
0.07206742346061232 0.1363930187459599
0.07516339869281045 0.14059469941822883
0.07791537667698659 0.14447317388493858
0.08169934640522876 0.14770523594053006
0.08496732026143791 0.1522301228183581
0.08806329549363605 0.1548157724628313
0.09064327485380116 0.16095669036845509
0.0933952528379773 0.16418875242404654
0.09597523219814241 0.16968325791855204
0.0999312005503956 0.1729153199741435
0.10285517715858274 0.17550096961861666
0.10543515651874785 0.18067226890756302
0.10887512899896801 0.18358112475759533
0.11197110423116616 0.18616677440206852
0.11609907120743033 0.1887524240465417
0.11833505331957345 0.19457013574660634
0.12143102855177158 0.19844861021331608
0.12487100103199174 0.20168067226890757
0.1286549707602339 0.2039431157078216
0.13175094599243206 0.20717517776341307
0.13605091159270727 0.21008403361344538
0.14052287581699346 0.21266968325791855
0.14465084279325766 0.21557853910795088
0.14860681114551083 0.21816418875242405
0.15135878912968695 0.2213962508080155
0.15548675610595114 0.22365869424692955
0.15944272445820434 0.22592113768584357
0.16305469556243551 0.22786037491919844
0.1673546611627107 0.23012281835811246
0.17131062951496387 0.2323852617970265
0.17371861025111798 0.23561732385261797
0.17715858273133814 0.2385261797026503
0.18145854833161335 0.24078862314156432
0.18610251117991056 0.24305106658047834
0.18937048503611972 0.24499030381383322
0.19298245614035087 0.24660633484162897
0.19762641898864808 0.24854557207498384
0.20175438596491227 0.251131221719457
0.20639834881320948 0.2530704589528119
0.2108703130374957 0.2546864899806076
0.21241830065359477 0.2592113768584357
0.21706226350189198 0.26082740788623143
0.2217062263501892 0.26244343891402716
0.2263501891984864 0.2640594699418229
0.22996216030271757 0.2656755009696186
0.2344341245270038 0.26729153199741434
0.23753009975920192 0.2711700064641241
0.2416580667354661 0.2734324499030381
0.24458204334365324 0.27537168713639304
0.2476780185758514 0.2779573367808662
0.2518059855521156 0.2792501616031028
0.2549019607843137 0.2815126050420168
0.25988992088063295 0.28312863606981253
0.26367389060887514 0.2844214608920491
0.2672858617131063 0.28603749191984484
0.26900584795321636 0.28829993535875886
0.27364981080151357 0.2895927601809955
0.2776057791537668 0.2908855850032321
0.28138974888200896 0.2925016160310278
0.2855177158582731 0.295087265675501
0.29050567595459237 0.2967032967032967
0.2954936360509116 0.2979961215255333
0.2996216030271758 0.2989657401422107
0.3022015823873409 0.3002585649644473
0.30495356037151705 0.3025210084033613
0.30994152046783624 0.30413703943115705
0.3151014791881665 0.3054298642533937
0.3202614379084967 0.3067226890756303
0.32318541451668387 0.30866192630898515
0.32679738562091504 0.30995475113122173
0.3288613691090471 0.31221719457013575
0.3319573443412453 0.31512605042016806
0.3364293085655315 0.3160956690368455
0.3409012727898177 0.31706528765352293
0.3438252493980048 0.3183581124757595
0.34898520811833506 0.3196509372979961
0.3538011695906433 0.3212669683257919
0.3568971448228414 0.3228829993535876
0.3615411076711386 0.3241758241758242
0.36566907464740284 0.32611506140917906
0.37048503611971106 0.3270846800258565
0.3742690058479532 0.3277310924369748
0.37770897832817335 0.32967032967032966
0.3813209494324045 0.33031674208144796
0.3847609219126247 0.33160956690368454
0.38854489164086686 0.33225597931480283
0.3933608531131751 0.3329023917259211
0.39680082559339525 0.33387201034259856
0.4002407980736154 0.334841628959276
0.40522875816993464 0.3354880413703943
0.4102167182662539 0.33613445378151263
0.4153766769865841 0.3367808661926309
0.42053663570691435 0.3374272786037492
0.42569659442724456 0.3380736910148675
0.4308565531475748 0.3387201034259858
0.434468524251806 0.33968972204266323
0.43859649122807015 0.3403361344537815
0.4439284485724114 0.3409825468648998
0.4473684210526316 0.3416289592760181
0.45166838665290676 0.3422753716871364
0.45562435500515996 0.3438914027149321
0.4606123151014792 0.3445378151260504
0.46456828345373236 0.345830639948287
0.47007223942208465 0.3464770523594053
0.4742002063983488 0.3477698771816419
0.478500171998624 0.3493859082094376
0.48159614723082217 0.34970911441499675
0.4831441348469212 0.35423400129282484
0.4846921224630203 0.35843568196509373
0.48899208806329547 0.3597285067873303
0.4932920536635707 0.36069812540400775
0.4977640178878569 0.36199095022624433
0.500859993120055 0.3632837750484809
0.5061919504643962 0.36425339366515835
0.5096319229446165 0.3645765998707175
0.5127278981768146 0.3652230122818358
0.5158238734090127 0.3658694246929541
0.5175438596491229 0.37104072398190047
0.5220158238734091 0.3713639301874596
0.5254557963536292 0.37233354880413705
0.5290677674578603 0.37362637362637363
0.5321637426900585 0.3739495798319328
0.5373237014103888 0.3742727860374919
0.5424836601307189 0.37459599224305107
0.5464396284829721 0.37588881706528765
0.5485036119711042 0.37879767291531996
0.5524595803233574 0.3791208791208791
0.5574475404196766 0.37944408532643825
0.5617475060199518 0.38073691014867483
0.566219470244238 0.38170652876535227
0.5706914344685242 0.38235294117647056
0.5748194014447885 0.3826761473820297
0.5803233574131407 0.38332255979314805
0.5851393188854489 0.38396897220426635
0.5877192982456141 0.3849385908209438
0.5932232542139663 0.38526179702650293
0.5961472308221534 0.38623141564318036
0.5992432060543516 0.3894634776987718
0.6026831785345718 0.38978668390433097
0.6062951496388029 0.39043309631544926
0.6099071207430341 0.39107950872656755
0.6135190918472653 0.3914027149321267
0.6173030615755074 0.392049127343245
0.6210870313037495 0.3926955397543633
0.6267629858961128 0.3930187459599224
0.630718954248366 0.39463477698771815
0.6350189198486412 0.3949579831932773
0.6406948744410045 0.39528118939883644
0.6453388372893016 0.396574014221073
0.6501547987616099 0.39754363283775046
0.6535947712418301 0.40077569489334197
0.6570347437220502 0.40336134453781514
0.6599587203302374 0.4059469941822883
0.6639146886824906 0.4072398190045249
0.6687306501547987 0.4078862314156432
0.6735466116271069 0.40853264382676147
0.6783625730994152 0.40917905623787976
0.6805985552115583 0.4114414996767938
0.6852425180598555 0.41208791208791207
0.6879944960440316 0.4137039431157078
0.6922944616443069 0.41435035552682614
0.697282421740626 0.4146735617323853
0.7012383900928792 0.4153199741435036
0.7051943584451325 0.41596638655462187
0.7081183350533196 0.4169360051712993
0.7129342965256278 0.41725921137685845
0.717578259373925 0.4175824175824176
0.7208462332301342 0.4182288299935359
0.7251461988304093 0.41855203619909503
0.7292741658066736 0.4188752424046542
0.7334021327829378 0.4191984486102133
0.7375300997592019 0.41952165481577247
0.7414860681114551 0.4198448610213316
0.7454420364637083 0.42016806722689076
0.7493980048159615 0.4204912734324499
0.7533539731682146 0.42081447963800905
0.7573099415204678 0.4211376858435682
0.7590299277605779 0.4217840982546865
0.762641898864809 0.42210730446024564
0.7662538699690402 0.4224305106658048
0.7698658410732714 0.4227537168713639
0.7734778121775026 0.4230769230769231
0.7769177846577228 0.4234001292824822
0.7803577571379429 0.42372333548804136
0.7837977296181631 0.4240465416936005
0.7870657034743722 0.42436974789915966
0.7901616787065704 0.4246929541047188
0.7932576539387685 0.42501616031027795
0.7960096319229446 0.4253393665158371
0.7987616099071208 0.42566257272139624
0.8013415892672858 0.4259857789269554
0.8037495700034399 0.42630898513251453
0.806157550739594 0.4266321913380737
0.8082215342277261 0.4269553975436328
0.8123495012039904 0.4269553975436328
0.8163054695562435 0.4269553975436328
0.8204334365325078 0.4269553975436328
0.824905400756794 0.4269553975436328
0.8290333677330581 0.4269553975436328
0.8335053319573443 0.4269553975436328
0.8378052975576196 0.4269553975436328
0.8414172686618507 0.4269553975436328
0.8443412452700378 0.4269553975436328
0.847265221878225 0.4269553975436328
0.8503611971104231 0.4269553975436328
0.8538011695906432 0.4269553975436328
0.8577571379428964 0.4269553975436328
0.8622291021671826 0.4269553975436328
0.8672170622635019 0.4269553975436328
0.8730650154798761 0.4269553975436328
0.8789129686962505 0.4269553975436328
0.8847609219126247 0.4269553975436328
0.890608875128999 0.4269553975436328
0.8964568283453732 0.4269553975436328
0.9023047815617475 0.4269553975436328
0.9071207430340558 0.4269553975436328
0.911592707258342 0.4269553975436328
0.9157206742346061 0.4269553975436328
0.9198486412108703 0.4269553975436328
0.9239766081871345 0.4269553975436328
0.9284485724114208 0.4269553975436328
0.9332645338837289 0.4269553975436328
0.9380804953560371 0.4269553975436328
0.9428964568283453 0.4269553975436328
0.9480564155486756 0.4269553975436328
0.9533883728930168 0.4269553975436328
0.9583763329893361 0.4269553975436328
0.9631922944616443 0.4269553975436328
0.9678362573099415 0.4269553975436328
0.9721362229102167 0.4269553975436328
0.976436188510492 0.4269553975436328
0.9822841417268662 0.4269553975436328
0.9862401100791194 0.4269553975436328
0.9910560715514276 0.4269553975436328
0.9934640522875817 0.4269553975436328
0.9970760233918129 0.4269553975436328
1.0 0.4269553975436328
EventTree: 
0.0025799793601651187 0.006140917905623788
0.005331957344341246 0.011958629605688428
0.00739594083247334 0.01809954751131222
0.00980392156862745 0.02456367162249515
0.012039903680770554 0.031027795733678087
0.014619883040935672 0.037168713639301874
0.01719986240110079 0.04330963154492566
0.019263845889232887 0.050096961861667746
0.021499828001375988 0.055591467356173235
0.024079807361541108 0.06043956043956044
0.026487788097695218 0.06658047834518423
0.029239766081871343 0.07207498383968972
0.03199174406604747 0.07756948933419522
0.03439972480220158 0.08338720103425985
0.036807705538355696 0.08791208791208792
0.039043687650498794 0.09372979961215255
0.04213966288269694 0.0982546864899806
0.043859649122807015 0.10342598577892695
0.04643962848297214 0.1092436974789916
0.049019607843137254 0.11506140917905623
0.05073959408324733 0.11990950226244344
0.053491572067423464 0.1250808015513898
0.05624355005159959 0.129928894634777
0.05916752665978672 0.1341305753070459
0.06123151014791882 0.13865546218487396
0.06449948400412797 0.143180349062702
0.06639146886824905 0.14964447317388493
0.06793945648434813 0.15578539107950873
0.07051943584451324 0.15934065934065933
0.0737874097007224 0.1638655462184874
0.07688338493292053 0.16839043309631546
0.07980736154110767 0.1722689075630252
0.08290333677330582 0.17614738202973498
0.08599931200550395 0.18002585649644473
0.08961128310973512 0.18422753716871365
0.0915032679738562 0.18842921784098254
0.09511523907808737 0.19263089851325146
0.09855521155830753 0.19683257918552036
0.10165118679050568 0.20103425985778928
0.1044031647746818 0.2062055591467356
0.10801513587891297 0.21008403361344538
0.1111111111111111 0.21396250808015513
0.11455108359133127 0.21751777634130576
0.11799105607155143 0.22107304460245636
0.1217750257997936 0.224628312863607
0.1255589955280358 0.22850678733031674
0.1283109735122119 0.2323852617970265
0.13140694874441006 0.23561732385261797
0.13450292397660818 0.23949579831932774
0.13828689370485037 0.2427278603749192
0.14138286893704852 0.2456367162249515
0.14430684554523565 0.24951519069166128
0.14723082215342279 0.2524240465416936
0.15118679050567596 0.25565610859728505
0.15462676298589612 0.26018099547511314
0.1582387340901273 0.2634130575307046
0.16150670794633643 0.2663219133807369
0.1651186790505676 0.2692307692307692
0.16890264877880978 0.27213962508080153
0.1719986240110079 0.27601809954751133
0.17543859649122806 0.2786037491919845
0.17939456484348126 0.28183581124757595
0.18283453732370142 0.2844214608920491
0.18627450980392157 0.2870071105365223
0.18971448228414173 0.2895927601809955
0.19315445476436188 0.29217840982546867
0.195734434124527 0.29831932773109243
0.19883040935672514 0.3015513897866839
0.2024423804609563 0.30413703943115705
0.20605435156518748 0.30801551389786685
0.20760233918128654 0.3112475759534583
0.21173030615755073 0.3141564318034906
0.21603027175782594 0.31706528765352293
0.21981424148606812 0.3202973497091144
0.22291021671826625 0.32255979314802846
0.22686618507051945 0.3251454427925016
0.22893016855865153 0.3283775048480931
0.2328861369109047 0.33096315449256625
0.2366701066391469 0.3335488041370394
0.24011007911936705 0.3374272786037492
0.24303405572755418 0.3393665158371041
0.24664602683178535 0.3416289592760181
0.24974200206398348 0.34550743374272785
0.2540419676642587 0.348093083387201
0.25782593739250087 0.35035552682611504
0.261781905744754 0.35294117647058826
0.26590987272101824 0.3555268261150614
0.2693498452012384 0.3587588881706529
0.27364981080151357 0.36134453781512604
0.27726178190574474 0.36360698125404006
0.2808737530099759 0.3658694246929541
0.2846577227382181 0.36813186813186816
0.28878568971448226 0.3707175177763413
0.2932576539387685 0.3733031674208145
0.2973856209150327 0.3755656108597285
0.3015135878912969 0.3778280542986425
0.3058135534915721 0.38009049773755654
0.30994152046783624 0.3826761473820297
0.3133814929480564 0.38687782805429866
0.3173374613003096 0.3894634776987718
0.32077743378052975 0.3930187459599224
0.3237014103887169 0.39592760180995473
0.3283453732370141 0.39819004524886875
0.33144134846921225 0.4023917259211377
0.3340213278293774 0.4072398190045249
0.33832129342965256 0.4095022624434389
0.34262125902992774 0.4117647058823529
0.346921224630203 0.4137039431157078
0.3500171998624011 0.4169360051712993
0.35362917096663227 0.41855203619909503
0.35775713794289643 0.42081447963800905
0.36205710354317167 0.4227537168713639
0.36652906776745786 0.4246929541047188
0.370657034743722 0.4266321913380737
0.37495700034399726 0.42857142857142855
0.37942896456828346 0.4305106658047835
0.38321293429652564 0.4321266968325792
0.3873409012727898 0.4350355526826115
0.3894048847609219 0.4392372333548804
0.3931888544891641 0.44085326438267614
0.39680082559339525 0.4434389140271493
0.40127278981768144 0.44537815126050423
0.40591675266597865 0.44764059469941825
0.41056071551427586 0.44990303813833227
0.41451668386652907 0.4521654815772463
0.4176126590987272 0.4544279250161603
0.4222566219470244 0.4563671622495152
0.4262125902992776 0.4579831932773109
0.4306845545235638 0.4599224305106658
0.435328517371861 0.4618616677440207
0.43945648434812523 0.46347769877181644
0.4437564499484004 0.46509372979961217
0.4484004127966976 0.46703296703296704
0.4520123839009288 0.4683257918552036
0.456484348125215 0.46994182288299935
0.45992432060543514 0.4725274725274725
0.46147230822153423 0.4770523594053006
0.46611627106983144 0.47866839043309634
0.47058823529411764 0.48028442146089206
0.4748882008943928 0.48222365869424694
0.47970416236670105 0.48383968972204267
0.4845201238390093 0.4854557207498384
0.48813209494324045 0.4883645765998707
0.49277605779153766 0.48998060762766643
0.49673202614379086 0.491273432449903
0.5012039903680771 0.4928894634776988
0.5053319573443412 0.4945054945054945
0.5092879256965944 0.4964447317388494
0.5132438940488476 0.4980607627666451
0.5180598555211559 0.49967679379444085
0.522531819745442 0.5012928248222366
0.5273477812177503 0.5029088558500323
0.5297557619539044 0.5061409179056238
0.5343997248022015 0.5077569489334195
0.5386996904024768 0.5090497737556561
0.54265565875473 0.5103425985778927
0.5474716202270382 0.5119586296056884
0.5522875816993464 0.5135746606334841
0.5569315445476436 0.5148674854557207
0.5617475060199518 0.5161603102779574
0.565703474372205 0.5184227537168714
0.5705194358445133 0.519715578539108
0.5753353973168215 0.5210084033613446
0.5792913656690747 0.5229476405946994
0.5842793257653939 0.5245636716224952
0.5892672858617131 0.5261797026502909
0.5942552459580324 0.5274725274725275
0.5982112143102856 0.5290885585003232
0.6023391812865497 0.5300581771170007
0.6073271413828689 0.5313510019392372
0.6117991056071551 0.5323206205559147
0.6154110767113863 0.5339366515837104
0.6183350533195734 0.5361990950226244
0.6231510147918816 0.5371687136393019
0.6279669762641898 0.5381383322559793
0.6331269349845201 0.5394311570782159
0.6362229102167183 0.5436328377504848
0.6413828689370485 0.5449256625727213
0.6461988304093568 0.5458952811893988
0.6508427932576539 0.5468648998060762
0.6560027519779842 0.5481577246283129
0.6611627106983144 0.5491273432449904
0.6658066735466116 0.5500969618616678
0.6699346405228758 0.5510665804783452
0.673202614379085 0.5536522301228184
0.6781905744754042 0.5546218487394958
0.6831785345717234 0.5555914673561733
0.6855865153078775 0.5607627666451196
0.6897144822841417 0.561732385261797
0.6948744410044719 0.5627020038784745
0.7000343997248022 0.5636716224951519
0.7026143790849673 0.5675500969618616
0.7070863433092536 0.5681965093729799
0.7122463020295837 0.5691661279896574
0.717750257997936 0.5698125404007757
0.7227382180942552 0.570458952811894
0.7272101823185414 0.5711053652230123
0.7313381492948057 0.572721396250808
0.7347781217750258 0.5730446024563671
0.740110079119367 0.5740142210730446
0.7444100447196422 0.5743374272786037
0.7495700034399725 0.574983839689722
0.7530099759201926 0.5765998707175177
0.7585139318885449 0.577246283128636
0.7638458892328861 0.5775694893341952
0.7679738562091504 0.5782159017453136
0.7719298245614035 0.5785391079508727
0.7743378052975576 0.5798319327731093
0.7798417612659099 0.5804783451842276
0.7832817337461301 0.581447963800905
0.7889576883384933 0.5817711700064642
0.7946336429308566 0.5820943762120233
0.7963536291709666 0.5856496444731739
0.8016855865153079 0.5859728506787331
0.8068455452356381 0.5862960568842922
0.8120055039559684 0.5866192630898514
0.8169934640522876 0.5869424692954105
0.8219814241486069 0.5872656755009696
0.826969384244926 0.5875888817065288
0.8300653594771242 0.5885585003232062
0.8348813209494325 0.5888817065287654
0.8396972824217406 0.5892049127343245
0.8445132438940488 0.5895281189398837
0.848985208118335 0.5898513251454428
0.8532851737186102 0.590174531351002
0.8574131406948744 0.5904977375565611
0.8615411076711387 0.5908209437621202
0.8656690746474028 0.5911441499676794
0.869797041623667 0.5914673561732385
0.8739250085999312 0.5917905623787977
0.8778809769521844 0.5921137685843568
0.8818369453044376 0.592436974789916
0.8857929136566908 0.5927601809954751
0.8895768833849329 0.5930833872010343
0.8931888544891641 0.5934065934065934
0.8968008255933952 0.5937297996121526
0.9004127966976264 0.5940530058177117
0.9036807705538356 0.5943762120232708
0.9069487444100447 0.59469941822883
0.9102167182662538 0.5950226244343891
0.913312693498452 0.5953458306399483
0.9162366701066391 0.5956690368455074
0.9189886480908153 0.5959922430510666
0.9217406260749914 0.5963154492566257
0.9243206054351565 0.5966386554621849
0.9269005847953217 0.596961861667744
0.9293085655314758 0.5972850678733032
0.9332645338837289 0.5972850678733032
0.9361885104919161 0.5972850678733032
0.9391124871001032 0.5972850678733032
0.9422084623323014 0.5972850678733032
0.9456484348125215 0.5972850678733032
0.9496044031647747 0.5972850678733032
0.9540763673890609 0.5972850678733032
0.9590643274853801 0.5972850678733032
0.9649122807017544 0.5972850678733032
0.9707602339181286 0.5972850678733032
0.9766081871345029 0.5972850678733032
0.9824561403508771 0.5972850678733032
0.9883040935672515 0.5972850678733032
0.9941520467836257 0.5972850678733032
1.0 0.5972850678733032
