title: FPR vs Lead Time(Forecasting)
x_lable: False Positive Rate(From 0-1 FP Per-day)
y_lable: Lead Time(Forecasting)
GASDM: 
0.002979991485738612 0.0
0.007875691783737761 0.0
0.012132822477650063 0.4
0.018092805449127287 0.5789473684210527
0.020859940400170286 1.0
0.025117071094082587 1.125
0.031077054065559814 1.1764705882352942
0.033631332481907195 1.4130434782608696
0.03639846743295019 1.5357142857142858
0.039378458918688804 1.6290322580645162
0.043635589612601104 1.75
0.0464027245636441 1.9743589743589745
0.05044699872286079 2.1411764705882352
0.05278842060451256 2.1839080459770117
0.05640698169433802 2.2045454545454546
0.06002554278416347 2.3118279569892475
0.06428267347807577 2.4343434343434343
0.06704980842911877 2.6875
0.06981694338016177 2.739130434782609
0.07343550446998723 2.7777777777777777
0.07577692635163899 2.7966101694915255
0.08088548318433376 2.8151260504201683
0.08450404427415922 2.886178861788618
0.09025117071094083 2.92
0.09365687526607067 2.9365079365079363
0.09493401447424436 3.143884892086331
0.09791400595998297 3.258503401360544
0.10089399744572158 3.3506493506493507
0.1038739889314602 3.4662576687116564
0.10621541081311196 3.56140350877193
0.11068539804171988 3.64804469273743
0.11536824180502342 3.6885245901639343
0.11919965942954448 3.7393617021276597
0.12111536824180502 3.7989690721649483
0.12601106853980418 3.8274111675126905
0.13026819923371646 3.892156862745098
0.13409961685823754 3.9278846153846154
0.1392081736909323 3.971830985915493
0.14303959131545338 4.031818181818182
0.14538101319710514 4.040723981900452
0.14857386121753938 4.04954954954955
0.15197956577266922 4.084070796460177
0.1555981268624947 4.109170305676856
0.15921668795232014 4.188284518828452
0.16283524904214558 4.210743801652892
0.16666666666666666 4.239837398373984
0.1700723712217965 4.281746031746032
0.17369093231162197 4.30859375
0.17794806300553426 4.321705426356589
0.1828437633035334 4.347328244274809
0.18773946360153257 4.35361216730038
0.19284802043422733 4.359848484848484
0.19838229033631333 4.37218045112782
0.2034908471690081 4.384328358208955
0.2092379736057897 4.402214022140221
0.21264367816091953 4.413919413919414
0.21562366964665816 4.448028673835125
0.21945508727117924 4.453571428571428
0.22307364836100468 4.510344827586207
0.22584078331204768 4.558528428093646
0.23009791400595997 4.603896103896104
0.23265219242230736 4.6424050632911396
0.23499361430395913 4.679012345679013
0.23818646232439336 4.713855421686747
0.23946360153256704 4.798866855524079
0.24308216262239252 4.818435754189944
0.24563644103873988 4.870967741935484
0.24882928905917412 4.902887139107611
0.2501064282673478 4.935897435897436
0.2541507024265645 4.9465648854961835
0.25819497658578117 4.957070707070707
0.2624521072796935 4.967418546365915
0.2667092379736058 4.977611940298507
0.26990208599404003 4.987654320987654
0.27181779480630053 5.044917257683215
0.27607492550021284 5.053990610328638
0.28182205193699444 5.062937062937063
0.2848020434227331 5.080459770114943
0.28735632183908044 5.112107623318385
0.29118773946360155 5.126385809312638
0.2952320136228182 5.146288209606987
0.3001277139208174 5.1521739130434785
0.3050234142188165 5.158008658008658
0.3103448275862069 5.163793103448276
0.31524052788420603 5.1752136752136755
0.3212005108556833 5.180851063829787
0.3271604938271605 5.19198312236287
0.33120476798637716 5.197478991596639
0.3341847594721158 5.229508196721311
0.3356747552149851 5.263473053892215
0.3390804597701149 5.276679841897233
0.34099616858237547 5.284872298624754
0.3446147296722009 5.29296875
0.3495104299702001 5.308880308880309
0.35163899531715626 5.316698656429942
0.3544061302681992 5.342749529190207
0.356747552149851 5.367837338262477
0.35908897403150275 5.396739130434782
0.36313324819071946 5.412186379928316
0.3656875266070668 5.442105263157894
0.3682418050234142 5.473413379073756
0.3707960834397616 5.5
0.373350361856109 5.530477759472817
0.37462750106428266 5.584786053882726
0.3767560664112388 5.602503912363067
0.3786717752234994 5.624036979969183
0.38101319710515114 5.632465543644717
0.3829289059174117 5.6591591591591595
0.38548318433375905 5.680945347119645
0.3880374627501064 5.686764705882353
0.39080459770114945 5.7020348837209305
0.3933588761174968 5.7224606580829755
0.3961260110685398 5.731534090909091
0.3991060025542784 5.735127478753541
0.4014474244359302 5.754532775453278
0.4044274159216688 5.757997218358832
0.4074074074074074 5.7631578947368425
0.40974882928905915 5.7699724517906334
0.41209025117071096 5.771664374140302
0.4144316730523627 5.781718963165075
0.4174116645381013 5.786684782608695
0.42060451255853554 5.794871794871795
0.42337164750957856 5.807743658210948
0.42656449553001274 5.825
0.42933163048105577 5.837239583333333
0.43252447850149 5.849226804123711
0.43593018305661985 5.852185089974293
0.43742017879948913 5.872474747474747
0.440825883354619 5.882352941176471
0.44316730523627074 5.890683229813664
0.44678586632609624 5.900246305418719
0.4504044274159217 5.913625304136253
0.4540229885057471 5.91626213592233
0.45764154959557257 5.924096385542168
0.461260110685398 5.925391095066185
0.4648786717752235 5.9266826923076925
0.46849723286504896 5.92797118847539
0.4719029374201788 5.931818181818182
0.47509578544061304 5.935637663885578
0.4763729246487867 5.946933962264151
0.47999148573861217 5.9518779342723
0.48382290336313327 5.955555555555556
0.4876543209876543 5.959207459207459
0.49148573861217537 5.960419091967404
0.4948914431673052 5.965237543453071
0.4985100042571307 5.968822170900693
0.501702852277565 5.972382048331416
0.5057471264367817 5.9794285714285715
0.5097914005959983 5.9840728100113765
0.513835674755215 5.990960451977402
0.5178799489144317 5.99436936936937
0.5219242230736484 6.0
0.5257556406981694 6.003348214285714
0.5270327799063431 6.014348785871965
0.5310770540655598 6.024043715846995
0.5353341847594721 6.026172300981461
0.5395913154533845 6.029347826086957
0.5438484461472968 6.030401737242128
0.547041294167731 6.031453362255966
0.5510855683269477 6.034594594594594
0.55534269902086 6.037715517241379
0.5585355470412942 6.039784946236559
0.5627926777352065 6.041845493562231
0.5653469561515538 6.055026455026455
0.5687526607066837 6.063941299790357
0.573009791400596 6.064921465968586
0.5762026394210302 6.0726895119418485
0.5808854831843338 6.078431372549019
0.5832269050659855 6.090631364562118
0.5881226053639846 6.092479674796748
0.5930183056619838 6.097979797979798
0.5966368667518093 6.10251256281407
0.6015325670498084 6.103413654618474
0.6064282673478075 6.106106106106106
0.6113239676458068 6.109670987038883
0.6162196679438059 6.1158415841584155
0.621115368241805 6.117588932806324
0.6260110685398041 6.121062992125984
0.6285653469561515 6.13047711781889
0.6328224776500638 6.133850630455868
0.6364410387398893 6.13719806763285
0.6396338867603235 6.138030888030888
0.6447424435930184 6.139691714836223
0.6498510004257131 6.141346153846154
0.6549595572584078 6.143815915627997
0.6592166879523201 6.144636015325671
0.6619838229033631 6.150333016175072
0.6673052362707536 6.152751423149905
0.6726266496381439 6.153554502369668
0.6779480630055342 6.15515610217597
0.6813537675606641 6.159924741298212
0.6862494678586633 6.162288930581614
0.6919965942954449 6.163074039362699
0.696892294593444 6.166199813258637
0.6988080034057046 6.1723818350324375
0.7041294167730949 6.173148148148148
0.7100893997445722 6.175438596491228
0.7132822477650064 6.176958525345622
0.7175393784589187 6.180733944954128
0.7207322264793529 6.1881818181818184
0.7232865048957003 6.19258589511754
0.7247765006385696 6.206222222222222
0.7279693486590039 6.20903454384411
0.7313750532141337 6.213215859030837
0.7362707535121328 6.213908450704225
0.7396764580672627 6.220087336244542
0.7432950191570882 6.226839826839827
0.7484035759897829 6.228176318063959
0.7522349936143039 6.230172413793103
0.7571306939123031 6.233476394849785
0.7613878246062155 6.234790059982862
0.7662835249042146 6.236752136752137
0.7707535121328225 6.237403928266439
0.7730949340144743 6.240646258503402
0.7760749255002128 6.241291418861512
0.7796934865900383 6.242578456318914
0.7835249042145593 6.245777027027027
0.7894848871860366 6.248316498316498
0.7935291613452533 6.253344481605351
0.7965091528309919 6.256452955870108
0.7994891443167306 6.260761589403973
0.8035334184759472 6.264415156507414
0.8092805449127288 6.265020576131687
0.8120476798637718 6.26982829108749
0.8139633886760324 6.2792574656981435
0.8167305236270753 6.2792574656981435
0.8199233716475096 6.2792574656981435
0.823541932737335 6.2792574656981435
0.8273733503618561 6.2792574656981435
0.8299276287782035 6.2792574656981435
0.8352490421455939 6.2792574656981435
0.8407833120476799 6.2792574656981435
0.8465304384844615 6.2792574656981435
0.8522775649212431 6.2792574656981435
0.8580246913580247 6.2792574656981435
0.8639846743295019 6.2792574656981435
0.8699446573009791 6.2792574656981435
0.8759046402724564 6.2792574656981435
0.8818646232439336 6.2792574656981435
0.8878246062154108 6.2792574656981435
0.8935717326521925 6.2792574656981435
0.8988931460195828 6.2792574656981435
0.9037888463175819 6.2792574656981435
0.9095359727543636 6.2792574656981435
0.9152830991911451 6.2792574656981435
0.9208173690932312 6.2792574656981435
0.9259259259259259 6.2792574656981435
0.9295444870157514 6.2792574656981435
0.9331630481055768 6.2792574656981435
0.9369944657300979 6.2792574656981435
0.9412515964240102 6.2792574656981435
0.9461472967220094 6.2792574656981435
0.9514687100893997 6.2792574656981435
0.9567901234567902 6.2792574656981435
0.9625372498935717 6.2792574656981435
0.9680715197956578 6.2792574656981435
0.9729672200936569 6.2792574656981435
0.977862920391656 6.2792574656981435
0.9827586206896551 6.2792574656981435
0.9882928905917412 6.2792574656981435
0.9938271604938271 6.2792574656981435
1.0 6.2792574656981435
NPHGS: 
0.004469987228607918 0.0
0.008727117922520221 0.0
0.014687100893997445 0.0
0.018305661983822902 0.0
0.02320136228182205 0.0
0.02681992337164751 0.0
0.030864197530864196 0.0
0.03384418901660281 0.0
0.038101319710515114 0.0
0.041507024265644954 0.0
0.044912728820774794 0.0
0.04831843337590464 0.0
0.05406555981268625 0.0
0.05832269050659855 0.03333333333333333
0.06257982120051085 0.08108108108108109
0.06683695189442315 0.11627906976744186
0.07109408258833547 0.13333333333333333
0.07535121328224777 0.16326530612244897
0.07896977437207323 0.2222222222222222
0.08492975734355045 0.25
0.08918688803746275 0.288135593220339
0.09323116219667944 0.36923076923076925
0.09748829289059174 0.4507042253521127
0.1025968497232865 0.4794520547945205
0.10621541081311196 0.6144578313253012
0.11047254150702426 0.7282608695652174
0.11451681566624096 0.8415841584158416
0.11813537675606642 0.8857142857142857
0.1221796509152831 0.9259259259259259
0.12622392507449978 1.017391304347826
0.12877820349084718 1.188976377952756
0.1332481907194551 1.288888888888889
0.13750532141336738 1.313868613138686
0.14240102171136654 1.326086956521739
0.1447424435930183 1.3381294964028776
0.14963814389101746 1.3617021276595744
0.15495955725840782 1.3846153846153846
0.15900383141762453 1.4285714285714286
0.1630481055768412 1.4967320261437909
0.1658152405278842 1.6012269938650308
0.16815666240953597 1.6407185628742516
0.17071094082588337 1.7415730337078652
0.17475521498510005 1.7679558011049723
0.1783737760749255 1.7934782608695652
0.18326947637292465 1.8118279569892473
0.1856108982545764 1.8979591836734695
0.1909323116219668 1.9141414141414141
0.19433801617709665 1.93
0.1966794380587484 2.014218009478673
0.20008514261387825 2.0599078341013826
0.20434227330779056 2.081818181818182
0.20710940825883353 2.1403508771929824
0.21030225627926777 2.1991525423728815
0.21455938697318008 2.2291666666666665
0.21988080034057045 2.251028806584362
0.22413793103448276 2.2653061224489797
0.22818220519369944 2.3
0.2330779054916986 2.3333333333333335
0.23669646658152405 2.359073359073359
0.24074074074074073 2.3962264150943398
0.24648786717752236 2.4082397003745317
0.24797786292039165 2.513986013986014
0.250532141336739 2.5757575757575757
0.25244785014899956 2.6451612903225805
0.2558535547041294 2.6656050955414012
0.25819497658578117 2.72
0.2601106853980417 2.807580174927114
0.26330353341847595 2.8494318181818183
0.26458067262664964 2.9574468085106385
0.26862494678586635 2.9921875
0.2711792252022137 3.017948717948718
0.27501064282673476 3.047858942065491
0.27862920391656026 3.064837905236908
0.28054491272882076 3.097799511002445
0.2839506172839506 3.1339712918660285
0.28693060876968923 3.1536643026004727
0.2905491698595147 3.181395348837209
0.2941677309493401 3.2204545454545452
0.2965091528309919 3.2404494382022473
0.2994891443167305 3.248322147651007
0.30246913580246915 3.26
0.3054491272882077 3.2941176470588234
0.311409110259685 3.301518438177874
0.31502767134951043 3.319742489270386
0.3173690932311622 3.3411016949152543
0.32098765432098764 3.37551867219917
0.32673478075776924 3.3855670103092783
0.33056619838229034 3.388888888888889
0.3337590464027246 3.3921971252566734
0.33737760749255 3.4020408163265308
0.34035759897828866 3.411764705882353
0.34355044699872284 3.427710843373494
0.34589186888037465 3.4484126984126986
0.3501489995742869 3.4656188605108054
0.3514261387824606 3.4990366088631983
0.353980417198808 3.5413533834586466
0.3552575564069817 3.605786618444846
0.35887611749680715 3.62432915921288
0.3610046828437633 3.6334519572953736
0.36462324393358875 3.6424778761061947
0.36973180076628354 3.6514084507042255
0.37398893146019585 3.6602451838879158
0.37718177948063003 3.683937823834197
0.3790974882928906 3.7130730050933787
0.3825031928480204 3.727272727272727
0.384418901660281 3.7721311475409838
0.38569604086845466 3.7964458804523424
0.388250319284802 3.8306962025316458
0.39144316730523626 3.8359621451104102
0.39633886760323545 3.846394984326019
0.4003831417624521 3.861801242236025
0.4052788420604513 3.871913580246914
0.40676883780332057 3.906344410876133
0.4101745423584504 3.9237668161434978
0.41400595998297146 3.93620178041543
0.41762452107279696 3.948453608247423
0.41911451681566625 3.979768786127168
0.4240102171136654 3.98705035971223
0.42997020008514264 3.9971387696709586
0.4338016177096637 4.007112375533429
0.4386973180076628 4.016973125884017
0.44146445295870584 4.037762237762238
0.4450830140485313 4.063448275862069
0.44891443167305234 4.071428571428571
0.4538101319710515 4.076712328767123
0.45700297999148576 4.105263157894737
0.4608343976160068 4.112903225806452
0.46381438910174544 4.130492676431425
0.46892294593444017 4.135458167330677
0.4725415070242657 4.137931034482759
0.4774372073222648 4.142857142857143
0.47977862920391656 4.145310435931308
0.48573861217539377 4.155059132720105
0.49106002554278416 4.15748031496063
0.4957428693060877 4.171875
0.5014899957428693 4.174252275682705
0.5055342699020859 4.181347150259067
0.5076628352490421 4.2
0.5108556832694764 4.206896551724138
0.5140485312899106 4.216010165184244
0.5195828011919966 4.220532319391635
0.5246913580246914 4.225031605562579
0.5295870583226905 4.231738035264484
0.533205619412516 4.238393977415307
0.5363984674329502 4.2428035043804755
0.5391656023839931 4.253731343283582
0.5419327373350362 4.272167487684729
0.544274159216688 4.290243902439024
0.5468284376330353 4.307971014492754
0.5500212856534695 4.3253588516746415
0.5527884206045126 4.342417061611374
0.5576841209025117 4.355294117647059
0.5625798212005109 4.367990654205608
0.5659855257556407 4.380510440835267
0.5689655172413793 4.392857142857143
0.5708812260536399 4.4050343249427915
0.5721583652618135 4.4235560588901475
0.5747126436781609 4.449776785714286
0.5796083439761601 4.457777777777777
0.5855683269476373 4.464008859357697
0.5893997445721584 4.470198675496689
0.5925925925925926 4.491266375545852
0.5974882928905917 4.505958829902492
0.5998297147722436 4.523093447905478
0.6045125585355471 4.531550802139037
0.6079182630906769 4.539936102236422
0.6115368241805024 4.544102019128586
0.6151553852703278 4.552380952380952
0.620051085568327 4.56059009483667
0.6223925074499788 4.568730325288563
0.6275010642826735 4.5727748691099475
0.6300553426990209 4.595238095238095
0.63495104299702 4.601651186790506
0.6392081736909323 4.6080246913580245
0.640485312899106 4.636548223350254
0.6438910174542358 4.655935613682092
0.6477224350787569 4.666666666666667
0.6507024265644955 4.692383778437191
0.6541081311196254 4.705014749262537
0.6564495530012772 4.732038834951457
0.6594295444870157 4.746383799421408
0.6621966794380587 4.766953199617956
0.6647509578544061 4.791312559017942
0.6675180928054492 4.817164179104478
0.6704980842911877 4.829313543599258
0.6734780757769263 4.845303867403315
0.6762452107279694 4.864963503649635
0.6790123456790124 4.882352941176471
0.6815666240953597 4.908847184986596
0.6841209025117071 4.929203539823009
0.6890166028097062 4.931034482758621
0.6915708812260536 4.936507936507937
0.6964665815240528 4.941952506596306
0.7015751383567476 4.943760984182777
0.7068965517241379 4.945566286215979
0.7126436781609196 4.950963222416813
0.7169008088548319 4.954545454545454
0.7196679438058748 4.959895379250218
0.7232865048957003 4.961672473867596
0.7262664963814389 4.965217391304348
0.7294593444018731 4.966985230234578
0.7330779054916986 4.96875
0.7358450404427416 4.984496124031008
0.7396764580672627 4.989690721649485
0.7435078756917838 4.991416309012876
0.746700723712218 4.9965753424657535
0.7505321413367391 5.003412969283277
0.7530864197530864 5.021978021978022
0.7569178373776075 5.03030303030303
0.7611749680715197 5.031959629941127
0.7639421030225628 5.043478260869565
0.7669220945083014 5.0516236469608655
0.7720306513409961 5.059701492537314
0.7739463601532567 5.064516129032258
0.777139208173691 5.066115702479339
0.7820349084716901 5.0677126341866225
0.7856534695615155 5.0708985985160755
0.7888463175819498 5.0756578947368425
0.7918263090676884 5.085106382978723
0.7941677309493401 5.088235294117647
0.7984248616432524 5.092909535452323
0.8024691358024691 5.097560975609756
0.8065134099616859 5.108326596604689
0.8116219667943806 5.109854604200323
0.8139633886760324 5.11138014527845
0.8171562366964665 5.11138014527845
0.820774797786292 5.11138014527845
0.8233290762026394 5.11138014527845
0.8286504895700298 5.11138014527845
0.834610472541507 5.11138014527845
0.8403575989782887 5.11138014527845
0.8463175819497658 5.11138014527845
0.8520647083865475 5.11138014527845
0.8582375478927203 5.11138014527845
0.8641975308641975 5.11138014527845
0.8701575138356747 5.11138014527845
0.8759046402724564 5.11138014527845
0.8818646232439336 5.11138014527845
0.8876117496807152 5.11138014527845
0.8903788846317582 5.11138014527845
0.8959131545338442 5.11138014527845
0.9012345679012346 5.11138014527845
0.9069816943380162 5.11138014527845
0.9108131119625372 5.11138014527845
0.9157088122605364 5.11138014527845
0.9193273733503619 5.11138014527845
0.9229459344401874 5.11138014527845
0.9267773520647083 5.11138014527845
0.9310344827586207 5.11138014527845
0.9359301830566198 5.11138014527845
0.9412515964240102 5.11138014527845
0.9465730097914006 5.11138014527845
0.9523201362281822 5.11138014527845
0.9578544061302682 5.11138014527845
0.9627501064282673 5.11138014527845
0.9676458067262665 5.11138014527845
0.9725415070242657 5.11138014527845
0.9776500638569604 5.11138014527845
0.9831843337590465 5.11138014527845
0.9887186036611324 5.11138014527845
0.9942528735632183 5.11138014527845
1.0 5.11138014527845
EventTree: 
0.002979991485738612 0.0
0.00744997871434653 0.0
0.011068539804171988 0.0
0.015964240102171137 0.0
0.02192422307364836 0.0
0.02767134951042997 0.0
0.031928480204342274 0.0
0.036185610898254575 0.0
0.04044274159216688 0.1
0.04469987228607918 0.19230769230769232
0.05065985525755641 0.25
0.05491698595146871 0.375
0.05917411664538101 0.4411764705882353
0.06343124733929331 0.5405405405405406
0.06768837803320563 0.7272727272727273
0.07130693912303107 0.8571428571428571
0.07471264367816093 0.88
0.07896977437207323 1.0178571428571428
0.08322690506598553 1.2769230769230768
0.08556832694763729 1.303030303030303
0.08790974882928906 1.328358208955224
0.09152830991911452 1.5584415584415585
0.0955725840783312 1.6419753086419753
0.09961685823754789 1.7586206896551724
0.10302256279267774 1.8111111111111111
0.10642826734780758 1.8478260869565217
0.11132396764580672 1.8829787234042554
0.11536824180502342 1.9166666666666667
0.11898680289484888 1.9489795918367347
0.12430821626223926 1.98
0.12962962962962962 2.0098039215686274
0.1332481907194551 2.0660377358490565
0.13729246487867178 2.15929203539823
0.14303959131545338 2.1913043478260867
0.14623243933588762 2.206896551724138
0.14963814389101746 2.23728813559322
0.15410813111962537 2.388888888888889
0.1583652618135377 2.441860465116279
0.16240953597275437 2.492424242424242
0.16602809706257982 2.5588235294117645
0.16900808854831845 2.6944444444444446
0.17177522349936142 2.8157894736842106
0.17667092379736057 2.8300653594771243
0.1798637718177948 2.844155844155844
0.1828437633035334 2.8853503184713376
0.18433375904640273 3.1193181818181817
0.1868880374627501 3.24468085106383
0.18922945934440188 3.351758793969849
0.1924223073648361 3.3970588235294117
0.19646658152405277 3.4741784037558685
0.20136228182205193 3.506912442396313
0.2054065559812686 3.5560538116591927
0.20902511707109409 3.579646017699115
0.21115368241805024 3.6026200873362444
0.21519795657726692 3.625
0.22094508301404853 3.646808510638298
0.2232865048957003 3.683333333333333
0.2260536398467433 3.752
0.227330779054917 3.810810810810811
0.22988505747126436 3.889705882352941
0.23286504895700297 3.9244604316546763
0.23541932737335036 3.9577464788732395
0.23967645806726268 3.9791666666666665
0.24286930608769688 3.989655172413793
0.24606215410813112 4.030201342281879
0.24755214985100044 4.096153846153846
0.25074499787143467 4.145510835913313
0.2539378458918689 4.183734939759036
0.25627926777352067 4.2251461988304095
0.2603235419327373 4.244956772334294
0.261600681140911 4.282913165266106
0.26500638569604085 4.305785123966942
0.2679863771817795 4.316939890710382
0.2713920817369093 4.349333333333333
0.272669220945083 4.431077694235589
0.27607492550021284 4.45320197044335
0.27862920391656026 4.478260869565218
0.280970625798212 4.490430622009569
0.2833120476798638 4.502369668246446
0.28629203916560236 4.539170506912442
0.2882077479778629 4.577181208053691
0.2896977437207322 4.6152173913043475
0.29267773520647083 4.63010752688172
0.2945934440187314 4.675675675675675
0.2994891443167305 4.678423236514523
0.30289484887186036 4.691991786447638
0.30693912303107707 4.7
0.30949340144742443 4.707910750507099
0.31375053214133675 4.7131313131313135
0.316943380161771 4.71830985915493
0.31992337164750956 4.741106719367589
0.322477650063857 4.7678916827853
0.32481907194550874 4.8
0.32673478075776924 4.824074074074074
0.32950191570881227 4.845173041894354
0.33226905065985524 4.863554757630162
0.334610472541507 4.8814159292035395
0.3371647509578544 4.90625
0.3397190293742018 4.9301533219761495
0.34099616858237547 4.975328947368421
0.342911877394636 4.991883116883117
0.345679012345679 5.0112
0.3495104299702001 5.017515923566879
0.35355470412941675 5.029968454258675
0.35845040442741594 5.036106750392465
0.3637718177948063 5.0421875
0.3676032354193274 5.0482115085536545
0.3727117922520221 5.054179566563468
0.37398893146019585 5.071755725190839
0.3782460621541081 5.077507598784194
0.38016177096636866 5.088855421686747
0.3822903363133248 5.104166666666667
0.3848446147296722 5.128467153284672
0.3884631758194977 5.146762589928057
0.39208173690932313 5.164539007092198
0.39633886760323545 5.173239436619719
0.3999574286930609 5.181818181818182
0.40272456364410386 5.204670329670329
0.4057045551298425 5.215258855585831
0.40889740315027673 5.23252688172043
0.4127288207747978 5.239304812834225
0.4169859514687101 5.242666666666667
0.41932737335036185 5.252645502645502
0.424223073648361 5.26246719160105
0.42933163048105577 5.265706806282722
0.4342273307790549 5.268929503916449
0.4378458918688804 5.272135416666667
0.44146445295870584 5.275324675324676
0.4446573009791401 5.287917737789203
0.44699872286079184 5.305449936628644
0.4495530012771392 5.3225
0.45146871008939976 5.34963325183374
0.4550872711792252 5.36
0.45764154959557257 5.379474940334129
0.45998297147722433 5.388625592417061
0.46360153256704983 5.3931523022432115
0.466794380587484 5.397647058823529
0.4706257982120051 5.4021101992966
0.4765857811834823 5.406542056074766
0.47977862920391656 5.410942956926659
0.4846743295019157 5.4153132250580045
0.4882928905917412 5.430045871559633
0.49106002554278416 5.440273037542662
0.4959557258407833 5.450338600451468
0.5 5.461968680089486
0.5034057045551299 5.467706013363029
0.508301404853129 5.4733924611973395
0.5117071094082588 5.479028697571744
0.5148999574286931 5.4901531728665205
0.5208599404001703 5.495642701525054
0.5236270753512133 5.506479481641469
0.5263942103022563 5.520299145299146
0.5302256279267773 5.527098831030818
0.5329927628778204 5.533826638477802
0.5370370370370371 5.542016806722689
0.5404427415921669 5.550104384133611
0.5440613026819924 5.558091286307054
0.547041294167731 5.56745623069001
0.5508727117922521 5.576687116564417
0.5538527032779906 5.585786802030457
0.5572584078331205 5.597585513078471
0.5598126862494679 5.611940298507463
0.5623669646658153 5.627335299901672
0.5636441038739889 5.64368932038835
0.5659855257556407 5.654142581888246
0.5685398041719881 5.672053231939164
0.5713069391230311 5.684557438794727
0.5742869306087697 5.690721649484536
0.5770540655598126 5.694392523364486
0.5806726266496381 5.700465116279069
0.5842911877394636 5.701672862453532
0.5881226053639846 5.7064814814814815
0.5911025968497233 5.708872458410351
0.5945083014048531 5.715992647058823
0.5972754363558961 5.725364963503649
0.6008939974457216 5.726526891522334
0.6055768412090251 5.731153496821071
0.6085568326947637 5.733454215775159
0.612813963388676 5.736889692585895
0.6170710940825883 5.7391696750902526
0.6209025117071094 5.740306582506763
0.6251596424010217 5.741441441441442
0.6287782034908471 5.7459605026929985
0.6336739037888464 5.74820788530466
0.6368667518092805 5.7526785714285715
0.6415495955725841 5.7593250444049735
0.6466581524052788 5.761524822695035
0.6509152830991911 5.764809902740938
0.6558109833971902 5.770246478873239
0.6609195402298851 5.772407732864675
0.6641123882503193 5.773485513608429
0.669220945083014 5.778846153846154
0.6743295019157088 5.779912663755458
0.6796509152830992 5.780977312390925
0.6836951894423159 5.784160139251523
0.688590889740315 5.787326388888889
0.6922094508301405 5.788378143972246
0.6975308641975309 5.789428076256499
0.7030651340996169 5.791522491349481
0.707960834397616 5.7946505608283
0.7128565346956152 5.7956896551724135
0.7177522349936143 5.799828178694158
0.7226479352916134 5.803938356164384
0.7258407833120477 5.807002561912895
0.7307364836100468 5.813084112149533
0.7347807577692635 5.820101351351352
0.7366964665815241 5.823083403538332
0.7424435930183056 5.824074074074074
0.7473392933163048 5.826050420168067
0.7524478501489996 5.82703610411419
0.7575564069816944 5.829002514668902
0.7635163899531716 5.832915622389306
0.7673478075776926 5.833889816360601
0.7696892294593444 5.835833333333333
0.7756492124308216 5.837770382695507
0.7779906343124734 5.8387364921030755
0.780970625798212 5.84449958643507
0.7867177522349936 5.847359735973598
0.7916134525329928 5.8511513157894735
0.7954448701575139 5.8558558558558556
0.7992762877820349 5.8605220228384995
0.803107705406556 5.863303498779495
0.8067262664963815 5.866991078669911
0.8103448275862069 5.869741100323624
0.8139633886760324 5.8724778046811945
0.8165176670923797 5.8724778046811945
0.8201362281822052 5.8724778046811945
0.8233290762026394 5.8724778046811945
0.8260962111536824 5.8724778046811945
0.831843337590464 5.8724778046811945
0.8371647509578544 5.8724778046811945
0.8431247339293316 5.8724778046811945
0.848446147296722 5.8724778046811945
0.853980417198808 5.8724778046811945
0.8597275436355896 5.8724778046811945
0.8654746700723712 5.8724778046811945
0.8712217965091529 5.8724778046811945
0.87718177948063 5.8724778046811945
0.8833546189868029 5.8724778046811945
0.8893146019582802 5.8724778046811945
0.8952745849297573 5.8724778046811945
0.9012345679012346 5.8724778046811945
0.9069816943380162 5.8724778046811945
0.9127288207747978 5.8724778046811945
0.9182630906768838 5.8724778046811945
0.9237973605789698 5.8724778046811945
0.9293316304810557 5.8724778046811945
0.9344401873137506 5.8724778046811945
0.9393358876117497 5.8724778046811945
0.9431673052362708 5.8724778046811945
0.9467858663260962 5.8724778046811945
0.9504044274159217 5.8724778046811945
0.9542358450404428 5.8724778046811945
0.958492975734355 5.8724778046811945
0.9633886760323542 5.8724778046811945
0.9687100893997446 5.8724778046811945
0.9740315027671349 5.8724778046811945
0.9797786292039166 5.8724778046811945
0.9853128991060025 5.8724778046811945
0.9902085994040017 5.8724778046811945
0.9951042997020009 5.8724778046811945
1.0 5.8724778046811945
